0 1 2 3 4 
5 6 2 3 4 
5 7 8 9 10 11 4 
12 13 14 15 16 17 4 
12 13 14 18 10 19 20 
0 1 21 22 23 19 20 
24 25 26 27 28 29 4 
5 30 31 32 33 34 4 
24 25 35 36 16 17 4 
24 25 35 37 38 17 4 
5 30 31 32 28 29 4 
0 39 40 22 23 19 20 
24 25 41 32 28 29 4 
5 6 21 22 23 11 4 
0 39 42 43 16 17 4 
12 13 44 9 10 11 4 
24 25 41 32 33 34 4 
12 13 44 9 10 19 20 
24 25 26 45 46 29 4 
12 13 14 47 48 17 4 
0 1 21 22 23 11 4 
24 25 35 36 49 19 20 
24 25 26 27 33 34 4 
12 13 14 15 49 19 20 
12 13 14 18 10 11 4 
5 6 21 22 23 19 20 
24 25 35 36 49 11 4 
50 12 8 9 10 11 4 
24 25 35 37 46 29 4 
0 39 40 22 23 11 4 
24 25 26 45 38 17 4 
50 12 8 9 10 19 20 
0 39 42 43 49 11 4 
0 39 42 43 49 19 20 
24 51 31 32 28 29 4 
5 7 8 9 10 19 20 
0 39 42 52 23 11 4 
12 13 14 15 49 11 4 
0 39 42 52 23 19 20 
24 51 31 32 33 34 4 
0 1 53 54 55 10 11 4 
0 56 57 58 15 49 19 20 
0 56 57 58 18 10 11 4 
5 6 53 54 55 10 19 20 
0 1 53 54 55 10 19 20 
0 56 59 54 55 10 19 20 
5 6 53 54 55 10 11 4 
50 12 8 9 60 61 34 4 
0 56 57 58 18 10 19 20 
0 56 57 62 55 10 19 20 
0 56 59 54 55 10 11 4 
0 56 57 58 15 49 11 4 
0 56 57 62 55 10 11 4 
0 56 57 58 47 48 17 4 
12 13 14 18 60 61 34 4 
0 56 57 58 15 16 17 4 
12 13 44 9 60 61 34 4 
12 13 14 47 63 61 34 4 
5 7 8 9 60 61 34 4 
0 56 59 54 55 60 61 34 4 
0 56 57 58 18 60 61 34 4 
0 56 57 62 55 60 61 34 4 
0 56 57 58 47 63 61 34 4 
0 1 53 54 55 60 61 34 4 
5 6 53 54 55 60 61 34 4 

