0 1 2 3 4 5 6 7 8 9 10 11 
0 1 2 3 4 5 12 13 8 9 10 11 
14 15 16 17 18 19 20 21 0 1 2 22 23 3 4 5 6 7 11 
14 15 16 17 18 24 25 21 0 1 2 22 23 3 4 5 6 7 11 
14 15 16 17 18 24 25 21 0 1 2 22 23 3 4 5 12 13 11 
14 15 16 17 18 19 20 21 0 1 2 22 23 3 4 5 12 13 11 
26 27 28 25 24 21 0 29 30 31 32 15 16 17 18 1 2 22 23 3 4 5 6 7 11 
26 27 28 25 24 21 0 29 30 31 32 15 16 17 18 1 2 22 23 3 4 5 12 13 11 
26 27 28 25 24 21 0 29 30 33 32 15 16 17 18 1 2 22 23 3 4 5 6 7 11 
26 27 28 25 24 21 0 29 30 34 32 15 16 17 18 1 2 22 23 3 4 5 12 13 11 
26 27 28 19 20 21 0 29 30 35 32 15 16 17 18 1 2 22 23 3 4 5 12 13 11 
26 27 28 19 20 21 0 29 30 31 32 15 16 17 18 1 2 22 23 3 4 5 6 7 11 
26 27 28 19 20 21 0 29 30 31 32 15 16 17 18 1 2 22 23 3 4 5 12 13 11 
26 27 28 19 20 21 0 29 30 35 32 15 16 17 18 1 2 22 23 3 4 5 6 7 11 
26 27 28 25 24 21 0 29 30 33 32 15 16 17 18 1 2 22 23 3 4 5 12 13 11 
26 27 28 25 24 21 0 29 30 34 32 15 16 17 18 1 2 22 23 3 4 5 6 7 11 
26 27 28 19 20 21 0 29 30 34 32 15 16 17 18 1 2 22 23 3 4 5 12 13 11 
26 27 28 19 20 21 0 29 30 34 32 15 16 17 18 1 2 22 23 3 4 5 6 7 11 

0 1 2 3 4 5 6 7 8 9 10 
0 1 2 3 4 5 11 12 8 9 10 
13 14 15 16 17 18 19 20 0 1 2 21 22 3 4 5 6 7 
13 14 15 16 17 18 19 20 0 1 2 21 22 3 4 5 11 12 
13 14 15 16 17 23 24 20 0 1 2 21 22 3 4 5 6 7 
13 14 15 16 17 23 24 20 0 1 2 21 22 3 4 5 11 12 
25 26 27 18 19 20 0 28 29 30 31 14 15 16 17 1 2 21 22 3 4 5 11 12 
25 26 27 18 19 20 0 28 29 30 31 14 15 16 17 1 2 21 22 3 4 5 6 7 
25 26 27 18 19 20 0 28 29 32 31 14 15 16 17 1 2 21 22 3 4 5 6 7 
25 26 27 24 23 20 0 28 29 33 31 14 15 16 17 1 2 21 22 3 4 5 11 12 
25 26 27 18 19 20 0 28 29 33 31 14 15 16 17 1 2 21 22 3 4 5 6 7 
25 26 27 24 23 20 0 28 29 30 31 14 15 16 17 1 2 21 22 3 4 5 11 12 
25 26 27 18 19 20 0 28 29 32 31 14 15 16 17 1 2 21 22 3 4 5 11 12 
25 26 27 24 23 20 0 28 29 34 31 14 15 16 17 1 2 21 22 3 4 5 11 12 
25 26 27 24 23 20 0 28 29 30 31 14 15 16 17 1 2 21 22 3 4 5 6 7 
25 26 27 24 23 20 0 28 29 34 31 14 15 16 17 1 2 21 22 3 4 5 6 7 
25 26 27 18 19 20 0 28 29 33 31 14 15 16 17 1 2 21 22 3 4 5 11 12 
25 26 27 24 23 20 0 28 29 33 31 14 15 16 17 1 2 21 22 3 4 5 6 7 

0 1 2 3 4 5 6 7 8 9 10 11 12 13 14 15 16 17 18 19 20 21 22 23 24 
0 1 2 3 4 5 6 7 8 9 10 11 25 26 14 15 16 27 28 19 20 21 22 23 24 
0 1 2 3 13 4 5 6 29 8 9 10 11 12 14 15 16 27 28 19 20 21 22 23 24 
0 1 2 3 4 5 6 7 8 9 10 11 12 13 14 15 16 27 28 19 20 21 22 23 24 
0 1 2 3 13 4 5 6 29 8 9 10 11 12 14 15 16 17 18 19 20 21 22 23 24 
0 1 2 3 4 5 6 7 8 9 10 11 25 26 14 15 16 17 18 19 20 21 22 23 24 
0 1 2 3 4 5 6 7 8 9 10 11 25 26 14 15 16 27 28 19 30 31 22 23 24 
0 1 2 3 4 5 6 7 8 9 10 11 12 13 14 15 16 27 28 19 30 31 22 23 24 
0 1 2 3 13 4 5 6 29 8 9 10 11 12 14 15 16 27 28 19 30 31 22 23 24 
0 1 2 3 26 4 5 6 32 8 9 10 11 25 14 15 16 17 18 19 30 31 22 23 24 
0 1 2 3 4 5 6 7 8 9 10 11 12 13 14 15 16 17 18 19 30 31 22 23 24 
0 1 2 3 26 4 5 6 32 8 9 10 11 25 14 15 16 27 28 19 20 21 22 23 24 
0 1 2 3 13 4 5 6 29 8 9 10 11 12 14 15 16 17 18 19 30 31 22 23 24 
0 1 2 3 26 4 5 6 32 8 9 10 11 25 14 15 16 17 18 19 20 21 22 23 24 
0 1 2 3 26 4 5 6 32 8 9 10 11 25 14 15 16 27 28 19 30 31 22 23 24 
0 1 2 3 4 5 6 7 8 9 10 11 25 26 14 15 16 17 18 19 30 31 22 23 24 
8 0 1 2 3 14 15 4 5 6 33 34 35 36 37 38 39 22 23 13 24 10 9 11 12 29 
8 0 1 2 3 14 15 4 5 6 33 34 35 36 37 38 39 22 23 26 24 10 9 11 25 32 
8 0 1 2 3 14 15 4 5 6 33 34 35 36 37 38 39 22 23 24 10 9 11 25 26 7 
8 0 1 2 3 14 15 4 5 6 33 34 35 36 37 38 39 22 23 24 10 9 11 12 13 7 

0 1 2 3 4 5 6 7 8 9 10 11 12 13 14 15 16 17 18 19 20 21 
0 1 2 3 22 23 4 5 6 24 8 9 10 11 14 25 26 17 27 28 20 21 
0 1 2 3 22 23 4 5 6 24 8 9 10 11 14 15 16 17 18 19 20 21 
0 1 2 3 4 5 6 7 8 9 10 11 12 13 14 25 26 17 27 28 20 21 
0 1 2 3 4 5 6 7 8 9 10 11 22 23 14 25 26 17 27 28 20 21 
0 1 2 3 13 4 5 6 29 8 9 10 11 12 14 15 16 17 18 19 20 21 
0 1 2 3 4 5 6 7 8 9 10 11 22 23 14 15 16 17 18 19 20 21 
0 1 2 3 13 12 4 5 6 24 8 9 10 11 14 15 16 17 27 28 20 21 
0 1 2 3 13 12 4 5 6 24 8 9 10 11 14 25 26 17 18 19 20 21 
0 1 2 3 22 23 4 5 6 24 8 9 10 11 14 25 26 17 18 19 20 21 
0 1 2 3 13 4 5 6 29 8 9 10 11 12 14 15 16 17 27 28 20 21 
0 1 2 3 4 5 6 7 8 9 10 11 12 13 14 15 16 17 27 28 20 21 
0 1 2 3 4 5 6 7 8 9 10 11 22 23 14 25 26 17 18 19 20 21 
0 1 2 3 13 4 5 6 29 8 9 10 11 12 14 25 26 17 27 28 20 21 
0 1 2 3 13 12 4 5 6 24 8 9 10 11 14 25 26 17 27 28 20 21 
0 1 2 3 23 4 5 6 30 8 9 10 11 22 14 25 26 17 27 28 20 21 
0 1 2 3 4 5 6 7 8 9 10 11 22 23 14 15 16 17 27 28 20 21 
0 1 2 3 13 12 4 5 6 24 8 9 10 11 14 15 16 17 18 19 20 21 
0 1 2 3 23 4 5 6 30 8 9 10 11 22 14 15 16 17 27 28 20 21 
0 1 2 3 23 4 5 6 30 8 9 10 11 22 14 15 16 17 18 19 20 21 
0 1 2 3 13 4 5 6 29 8 9 10 11 12 14 25 26 17 18 19 20 21 
0 1 2 3 22 23 4 5 6 24 8 9 10 11 14 15 16 17 27 28 20 21 
0 1 2 3 23 4 5 6 30 8 9 10 11 22 14 25 26 17 18 19 20 21 
0 1 2 3 4 5 6 7 8 9 10 11 12 13 14 25 26 17 18 19 20 21 

0 1 2 3 4 5 6 7 8 9 10 11 12 13 14 15 16 17 18 19 20 21 22 23 
0 1 2 3 4 5 6 7 8 9 10 11 12 13 14 15 16 24 25 19 26 27 22 23 
0 1 2 3 5 6 7 28 9 10 11 12 29 30 14 15 16 24 25 19 26 27 22 23 
0 1 2 3 13 4 5 6 7 31 9 10 11 12 14 15 16 17 18 19 26 27 22 23 
0 1 2 3 5 6 7 28 9 10 11 12 29 30 14 15 16 24 25 19 20 21 22 23 
0 1 2 3 13 4 5 6 7 31 9 10 11 12 14 15 16 24 25 19 26 27 22 23 
0 1 2 3 30 5 6 7 32 9 10 11 12 29 14 15 16 17 18 19 26 27 22 23 
0 1 2 3 4 5 6 7 8 9 10 11 12 13 14 15 16 24 25 19 20 21 22 23 
0 1 2 3 5 6 7 28 9 10 11 12 29 30 14 15 16 17 18 19 26 27 22 23 
0 1 2 3 4 5 6 7 8 9 10 11 12 13 14 15 16 17 18 19 26 27 22 23 
0 1 2 3 5 6 7 28 9 10 11 12 29 30 14 15 16 17 18 19 20 21 22 23 
0 1 2 3 13 4 5 6 7 31 9 10 11 12 14 15 16 24 25 19 20 21 22 23 
0 1 2 3 5 6 7 28 9 10 11 12 13 4 14 15 16 24 25 19 26 27 22 23 
0 1 2 3 30 29 5 6 7 31 9 10 11 12 14 15 16 24 25 19 26 27 22 23 
0 1 2 3 5 6 7 28 9 10 11 12 13 4 14 15 16 17 18 19 26 27 22 23 
0 1 2 3 30 5 6 7 32 9 10 11 12 29 14 15 16 24 25 19 20 21 22 23 
0 1 2 3 30 29 5 6 7 31 9 10 11 12 14 15 16 24 25 19 20 21 22 23 
0 1 2 3 30 5 6 7 32 9 10 11 12 29 14 15 16 24 25 19 26 27 22 23 
0 1 2 3 30 5 6 7 32 9 10 11 12 29 14 15 16 17 18 19 20 21 22 23 
0 1 2 3 5 6 7 28 9 10 11 12 13 4 14 15 16 17 18 19 20 21 22 23 
0 1 2 3 5 6 7 28 9 10 11 12 13 4 14 15 16 24 25 19 20 21 22 23 
0 1 2 3 13 4 5 6 7 31 9 10 11 12 14 15 16 17 18 19 20 21 22 23 
0 1 2 3 30 29 5 6 7 31 9 10 11 12 14 15 16 17 18 19 26 27 22 23 
0 1 2 3 30 29 5 6 7 31 9 10 11 12 14 15 16 17 18 19 20 21 22 23 

0 1 2 3 4 5 6 7 8 9 10 11 12 13 14 15 16 17 18 19 20 21 22 
23 24 4 0 1 2 8 3 25 6 7 9 10 11 12 13 14 15 16 17 18 19 20 21 22 
26 3 27 28 6 0 1 2 8 5 25 7 9 10 11 12 13 14 15 16 17 18 19 20 21 22 
0 1 2 3 4 5 8 29 30 31 32 25 9 10 11 12 13 14 15 16 17 18 19 20 21 22 
26 3 27 28 0 1 2 8 25 29 30 31 32 9 10 11 12 13 14 15 16 17 18 19 20 21 22 
26 3 27 28 0 1 2 8 25 6 23 24 7 9 10 11 12 13 14 15 16 17 18 19 20 21 22 
23 24 4 0 1 2 8 3 25 29 30 31 32 9 10 11 12 13 14 15 16 17 18 19 20 21 22 
26 3 33 0 1 2 4 5 8 29 31 32 25 9 10 11 12 13 14 15 16 17 18 19 20 21 22 
26 3 33 0 1 2 8 23 24 4 25 29 31 32 9 10 11 12 13 14 15 16 17 18 19 20 21 22 

0 1 2 3 4 5 6 7 8 9 10 11 12 13 14 15 16 17 18 19 20 21 
22 23 0 1 2 7 3 24 5 6 8 9 10 11 12 13 14 15 16 17 18 19 20 21 
0 1 2 3 4 7 25 26 27 28 24 8 9 10 11 12 13 14 15 16 17 18 19 20 21 
29 3 30 31 5 1 2 7 4 24 6 8 9 10 11 12 13 14 15 16 17 18 19 20 21 
29 3 30 31 1 2 7 24 25 26 27 28 8 9 10 11 12 13 14 15 16 17 18 19 20 21 
22 23 0 1 2 7 3 24 25 26 27 28 8 9 10 11 12 13 14 15 16 17 18 19 20 21 
29 3 32 1 2 0 4 7 25 27 28 24 8 9 10 11 12 13 14 15 16 17 18 19 20 21 
29 3 30 31 1 2 7 24 5 22 23 6 8 9 10 11 12 13 14 15 16 17 18 19 20 21 
29 3 32 1 2 7 22 23 0 24 25 27 28 8 9 10 11 12 13 14 15 16 17 18 19 20 21 

0 1 2 3 4 5 6 7 8 9 10 11 12 13 14 15 16 
17 18 19 7 0 1 2 20 21 22 5 6 8 23 24 9 10 11 12 13 14 15 16 
17 18 19 7 0 1 2 20 21 22 5 6 8 25 26 4 9 10 11 12 13 14 15 16 
27 28 18 7 17 29 0 1 2 20 21 22 23 24 5 6 8 9 10 11 12 13 14 15 16 
27 28 18 7 17 29 0 1 2 20 21 22 25 26 4 5 6 8 9 10 11 12 13 14 15 16 
30 31 32 33 34 18 7 19 29 0 1 2 20 21 22 23 24 5 6 8 9 10 11 12 13 14 15 16 
31 35 36 37 38 18 7 19 29 0 1 2 20 21 22 23 24 5 6 8 9 10 11 12 13 14 15 16 
30 31 32 33 34 18 7 19 29 0 1 2 20 21 22 25 26 4 5 6 8 9 10 11 12 13 14 15 16 
7 31 35 36 39 18 37 38 28 29 0 1 2 20 21 22 23 24 5 6 8 9 10 11 12 13 14 15 16 
31 35 36 37 38 18 7 19 29 0 1 2 20 21 22 25 26 4 5 6 8 9 10 11 12 13 14 15 16 
7 31 30 32 18 33 29 34 27 28 0 1 2 20 21 22 23 24 5 6 8 9 10 11 12 13 14 15 16 
7 31 35 36 18 37 29 38 27 28 0 1 2 20 21 22 23 24 5 6 8 9 10 11 12 13 14 15 16 
7 31 30 32 18 33 29 34 27 28 0 1 2 20 21 22 25 26 4 5 6 8 9 10 11 12 13 14 15 16 
7 31 35 36 39 18 37 38 28 29 0 1 2 20 21 22 25 26 4 5 6 8 9 10 11 12 13 14 15 16 
7 31 35 36 18 37 29 38 27 28 0 1 2 20 21 22 25 26 4 5 6 8 9 10 11 12 13 14 15 16 

0 1 2 3 4 5 6 7 8 9 10 11 12 13 14 
15 16 17 7 0 1 2 18 19 20 5 6 8 21 22 9 10 11 12 13 14 
15 16 17 7 0 1 2 18 19 20 5 6 8 23 24 4 9 10 11 12 13 14 
25 26 16 7 15 27 0 1 2 18 19 20 21 22 5 6 8 9 10 11 12 13 14 
25 26 16 7 15 27 0 1 2 18 19 20 23 24 4 5 6 8 9 10 11 12 13 14 
28 29 30 31 32 16 7 17 27 0 1 2 18 19 20 21 22 5 6 8 9 10 11 12 13 14 
29 33 34 35 36 16 7 17 27 0 1 2 18 19 20 21 22 5 6 8 9 10 11 12 13 14 
7 29 28 30 16 31 27 32 25 26 0 1 2 18 19 20 21 22 5 6 8 9 10 11 12 13 14 
7 29 33 34 37 16 35 36 26 27 0 1 2 18 19 20 21 22 5 6 8 9 10 11 12 13 14 
29 33 34 35 36 16 7 17 27 0 1 2 18 19 20 23 24 4 5 6 8 9 10 11 12 13 14 
28 29 30 31 32 16 7 17 27 0 1 2 18 19 20 23 24 4 5 6 8 9 10 11 12 13 14 
7 29 33 34 16 35 27 36 25 26 0 1 2 18 19 20 21 22 5 6 8 9 10 11 12 13 14 
7 29 33 34 16 35 27 36 25 26 0 1 2 18 19 20 23 24 4 5 6 8 9 10 11 12 13 14 
7 29 28 30 16 31 27 32 25 26 0 1 2 18 19 20 23 24 4 5 6 8 9 10 11 12 13 14 
7 29 33 34 37 16 35 36 26 27 0 1 2 18 19 20 23 24 4 5 6 8 9 10 11 12 13 14 

0 1 2 3 4 5 6 7 8 9 10 11 12 13 14 15 
16 17 18 7 0 1 2 19 20 21 5 6 8 22 23 9 10 11 12 13 14 15 
16 17 18 7 0 1 2 19 20 21 5 6 8 24 25 4 9 10 11 12 13 14 15 
26 27 17 7 16 28 0 1 2 19 20 21 22 23 5 6 8 9 10 11 12 13 14 15 
26 27 17 7 16 28 0 1 2 19 20 21 24 25 4 5 6 8 9 10 11 12 13 14 15 
29 30 31 32 33 17 7 18 28 0 1 2 19 20 21 22 23 5 6 8 9 10 11 12 13 14 15 
34 29 35 36 37 17 7 18 28 0 1 2 19 20 21 22 23 5 6 8 9 10 11 12 13 14 15 
7 29 34 35 17 36 28 37 26 27 0 1 2 19 20 21 22 23 5 6 8 9 10 11 12 13 14 15 
7 29 30 31 38 17 32 33 27 28 0 1 2 19 20 21 22 23 5 6 8 9 10 11 12 13 14 15 
34 29 35 36 37 17 7 18 28 0 1 2 19 20 21 24 25 4 5 6 8 9 10 11 12 13 14 15 
29 30 31 32 33 17 7 18 28 0 1 2 19 20 21 24 25 4 5 6 8 9 10 11 12 13 14 15 
7 29 30 31 17 32 28 33 26 27 0 1 2 19 20 21 22 23 5 6 8 9 10 11 12 13 14 15 
7 29 34 35 17 36 28 37 26 27 0 1 2 19 20 21 24 25 4 5 6 8 9 10 11 12 13 14 15 
7 29 30 31 17 32 28 33 26 27 0 1 2 19 20 21 24 25 4 5 6 8 9 10 11 12 13 14 15 
7 29 30 31 38 17 32 33 27 28 0 1 2 19 20 21 24 25 4 5 6 8 9 10 11 12 13 14 15 

0 1 2 3 4 5 6 7 8 9 10 11 12 13 
14 15 16 7 0 1 2 17 18 19 5 6 8 20 21 9 10 11 12 13 
14 15 16 7 0 1 2 17 18 19 5 6 8 22 23 4 9 10 11 12 13 
24 25 15 7 14 26 0 1 2 17 18 19 20 21 5 6 8 9 10 11 12 13 
24 25 15 7 14 26 0 1 2 17 18 19 22 23 4 5 6 8 9 10 11 12 13 
27 28 29 30 31 15 7 16 26 0 1 2 17 18 19 20 21 5 6 8 9 10 11 12 13 
28 32 33 34 35 15 7 16 26 0 1 2 17 18 19 20 21 5 6 8 9 10 11 12 13 
7 28 27 29 15 30 26 31 24 25 0 1 2 17 18 19 20 21 5 6 8 9 10 11 12 13 
7 28 32 33 15 34 26 35 24 25 0 1 2 17 18 19 20 21 5 6 8 9 10 11 12 13 
7 28 32 33 36 15 34 35 25 26 0 1 2 17 18 19 20 21 5 6 8 9 10 11 12 13 
28 32 33 34 35 15 7 16 26 0 1 2 17 18 19 22 23 4 5 6 8 9 10 11 12 13 
27 28 29 30 31 15 7 16 26 0 1 2 17 18 19 22 23 4 5 6 8 9 10 11 12 13 
7 28 32 33 36 15 34 35 25 26 0 1 2 17 18 19 22 23 4 5 6 8 9 10 11 12 13 
7 28 27 29 15 30 26 31 24 25 0 1 2 17 18 19 22 23 4 5 6 8 9 10 11 12 13 
7 28 32 33 15 34 26 35 24 25 0 1 2 17 18 19 22 23 4 5 6 8 9 10 11 12 13 

0 1 2 3 4 5 6 7 8 9 10 11 12 13 14 15 16 17 18 19 20 21 22 
0 1 2 3 4 5 23 24 15 6 7 8 25 10 11 12 16 17 18 19 20 21 22 
0 1 2 3 4 5 6 7 8 9 10 11 12 13 14 15 16 17 18 19 26 27 22 
0 1 2 3 4 5 13 14 15 6 7 8 25 10 11 12 16 17 18 19 26 27 22 
0 1 2 3 4 5 15 6 7 8 28 10 11 12 24 23 16 17 18 19 20 21 22 
0 1 2 3 4 5 23 24 15 6 7 8 25 10 11 12 16 17 18 19 26 27 22 
0 1 2 3 4 5 15 14 6 7 8 29 10 11 12 13 16 17 18 19 26 27 22 
0 1 2 3 4 5 15 23 6 7 8 30 10 11 12 24 16 17 18 19 26 27 22 
0 1 2 3 4 5 15 6 7 8 28 10 11 12 24 23 16 17 18 19 26 27 22 
0 1 2 3 4 5 15 14 6 7 8 29 10 11 12 13 16 17 18 19 20 21 22 
0 1 2 3 4 5 15 6 7 8 28 10 11 12 13 14 16 17 18 19 26 27 22 
0 1 2 3 4 5 15 6 7 8 28 10 11 12 13 14 16 17 18 19 20 21 22 
0 1 2 3 4 5 15 23 6 7 8 30 10 11 12 24 16 17 18 19 20 21 22 
0 1 2 3 4 5 6 7 8 9 10 11 12 24 23 15 16 17 18 19 20 21 22 
0 1 2 3 4 5 13 14 15 6 7 8 25 10 11 12 16 17 18 19 20 21 22 
0 1 2 3 4 5 6 7 8 9 10 11 12 24 23 15 16 17 18 19 26 27 22 

0 1 2 3 4 5 6 7 8 9 10 11 12 13 14 15 16 17 18 19 20 21 22 23 
0 1 2 3 4 5 16 6 7 8 24 10 11 12 13 14 15 17 18 19 20 21 22 23 
0 1 2 3 4 5 16 15 6 7 8 25 10 11 12 13 14 17 18 19 20 21 22 23 
0 1 2 3 4 5 26 27 16 6 7 8 28 10 11 12 13 17 18 19 20 29 30 23 
0 1 2 3 4 5 16 6 7 8 24 10 11 12 13 26 27 17 18 19 20 21 22 23 
0 1 2 3 4 5 16 6 7 8 24 10 11 12 13 26 27 17 18 19 20 29 30 23 
0 1 2 3 4 5 16 6 7 8 24 10 11 12 13 14 15 17 18 19 20 29 30 23 
0 1 2 3 4 5 15 14 16 6 7 8 28 10 11 12 13 17 18 19 20 29 30 23 
0 1 2 3 4 5 16 27 6 7 8 31 10 11 12 13 26 17 18 19 20 21 22 23 
0 1 2 3 4 5 6 7 8 9 10 11 12 13 26 27 16 17 18 19 20 21 22 23 
0 1 2 3 4 5 26 27 16 6 7 8 28 10 11 12 13 17 18 19 20 21 22 23 
0 1 2 3 4 5 6 7 8 9 10 11 12 13 14 15 16 17 18 19 20 29 30 23 
0 1 2 3 4 5 16 27 6 7 8 31 10 11 12 13 26 17 18 19 20 29 30 23 
0 1 2 3 4 5 16 15 6 7 8 25 10 11 12 13 14 17 18 19 20 29 30 23 
0 1 2 3 4 5 15 14 16 6 7 8 28 10 11 12 13 17 18 19 20 21 22 23 
0 1 2 3 4 5 6 7 8 9 10 11 12 13 26 27 16 17 18 19 20 29 30 23 

0 1 2 3 4 5 6 7 8 9 10 11 12 13 14 15 16 17 18 19 20 21 
0 1 2 3 4 5 15 6 7 8 22 10 11 12 23 24 16 17 18 19 25 26 
0 1 2 3 4 5 6 7 8 9 10 11 12 13 14 15 16 17 18 19 25 26 
0 1 2 3 4 5 24 23 15 6 7 8 27 10 11 12 16 17 18 19 25 26 
0 1 2 3 4 5 13 14 15 6 7 8 27 10 11 12 16 17 18 19 20 21 
0 1 2 3 4 5 15 6 7 8 22 10 11 12 23 24 16 17 18 19 20 21 
0 1 2 3 4 5 6 7 8 9 10 11 12 23 24 15 16 17 18 19 20 21 
0 1 2 3 4 5 15 6 7 8 22 10 11 12 13 14 16 17 18 19 25 26 
0 1 2 3 4 5 15 14 6 7 8 28 10 11 12 13 16 17 18 19 25 26 
0 1 2 3 4 5 6 7 8 9 10 11 12 23 24 15 16 17 18 19 25 26 
0 1 2 3 4 5 15 6 7 8 22 10 11 12 13 14 16 17 18 19 20 21 
0 1 2 3 4 5 15 24 6 7 8 29 10 11 12 23 16 17 18 19 20 21 
0 1 2 3 4 5 15 14 6 7 8 28 10 11 12 13 16 17 18 19 20 21 
0 1 2 3 4 5 13 14 15 6 7 8 27 10 11 12 16 17 18 19 25 26 
0 1 2 3 4 5 24 23 15 6 7 8 27 10 11 12 16 17 18 19 20 21 
0 1 2 3 4 5 15 24 6 7 8 29 10 11 12 23 16 17 18 19 25 26 

0 1 2 3 4 5 6 7 8 9 10 11 12 13 14 15 16 17 18 19 20 21 22 
0 1 2 3 4 5 7 8 9 23 11 12 13 14 24 25 6 17 18 19 20 26 27 
0 1 2 3 4 5 7 8 9 23 11 12 13 14 15 16 6 17 18 19 20 21 22 
0 1 2 3 4 5 25 24 6 7 8 9 28 11 12 13 14 17 18 19 20 21 22 
0 1 2 3 4 5 15 16 6 7 8 9 28 11 12 13 14 17 18 19 20 26 27 
0 1 2 3 4 5 6 25 7 8 9 29 11 12 13 14 24 17 18 19 20 21 22 
0 1 2 3 4 5 6 7 8 9 10 11 12 13 14 24 25 17 18 19 20 21 22 
0 1 2 3 4 5 6 7 8 9 10 11 12 13 14 15 16 17 18 19 20 26 27 
0 1 2 3 4 5 15 16 6 7 8 9 28 11 12 13 14 17 18 19 20 21 22 
0 1 2 3 4 5 7 8 9 23 11 12 13 14 24 25 6 17 18 19 20 21 22 
0 1 2 3 4 5 6 16 7 8 9 30 11 12 13 14 15 17 18 19 20 26 27 
0 1 2 3 4 5 6 16 7 8 9 30 11 12 13 14 15 17 18 19 20 21 22 
0 1 2 3 4 5 25 24 6 7 8 9 28 11 12 13 14 17 18 19 20 26 27 
0 1 2 3 4 5 6 7 8 9 10 11 12 13 14 24 25 17 18 19 20 26 27 
0 1 2 3 4 5 7 8 9 23 11 12 13 14 15 16 6 17 18 19 20 26 27 
0 1 2 3 4 5 6 25 7 8 9 29 11 12 13 14 24 17 18 19 20 26 27 

0 1 2 3 4 5 6 7 8 9 10 11 12 13 14 15 16 17 18 
0 1 2 3 4 9 19 6 7 8 10 11 12 13 14 15 16 17 18 
0 1 2 3 4 5 20 6 7 8 9 10 11 12 13 14 15 16 17 21 
0 1 2 3 4 9 19 20 6 7 8 10 11 12 13 14 15 16 17 21 
0 1 2 3 4 8 9 22 23 24 6 7 10 11 12 13 14 15 16 17 18 
0 1 2 25 4 8 9 26 27 24 6 7 10 11 12 13 14 15 16 17 18 
0 1 2 25 4 8 9 26 27 24 20 6 7 10 11 12 13 14 15 16 17 21 
0 1 2 3 4 8 9 22 23 24 20 6 7 10 11 12 13 14 15 16 17 21 
0 1 2 28 29 30 31 32 25 26 27 33 34 35 36 4 9 19 6 7 8 10 11 12 13 14 15 16 17 18 
0 1 2 28 29 30 31 32 25 26 27 33 34 35 36 4 5 6 7 8 9 10 11 12 13 14 15 16 17 18 
0 1 2 28 29 30 31 32 25 26 27 33 34 35 36 4 5 20 6 7 8 9 10 11 12 13 14 15 16 17 21 
0 1 2 28 29 30 31 32 25 26 27 33 34 35 36 4 9 19 20 6 7 8 10 11 12 13 14 15 16 17 21 

0 1 2 3 4 5 6 7 8 9 10 11 12 13 14 15 16 17 18 19 
0 1 2 3 4 10 20 6 7 8 9 11 12 13 14 15 16 17 18 19 
0 1 2 3 4 10 20 6 21 7 8 9 11 12 13 14 15 16 17 18 22 
0 1 2 3 4 5 6 21 7 8 9 10 11 12 13 14 15 16 17 18 22 
0 1 2 3 4 9 10 23 24 25 6 7 8 11 12 13 14 15 16 17 18 19 
0 1 2 3 4 9 10 23 24 25 6 21 7 8 11 12 13 14 15 16 17 18 22 
0 1 2 26 4 9 10 27 28 25 6 23 24 7 8 11 12 13 14 15 16 17 18 19 
0 1 2 26 4 9 10 27 28 25 6 23 24 21 7 8 11 12 13 14 15 16 17 18 22 
0 1 2 29 30 31 32 33 26 27 28 34 35 36 37 4 5 6 7 8 9 10 11 12 13 14 15 16 17 18 19 
0 1 2 29 30 31 32 33 26 27 28 34 35 36 37 4 10 20 6 7 8 9 11 12 13 14 15 16 17 18 19 
0 1 2 29 30 31 32 33 26 27 28 34 35 36 37 4 5 6 21 7 8 9 10 11 12 13 14 15 16 17 18 22 
0 1 2 29 30 31 32 33 26 27 28 34 35 36 37 4 10 20 6 21 7 8 9 11 12 13 14 15 16 17 18 22 

0 1 2 3 4 5 6 7 8 9 10 11 12 13 14 15 16 17 18 19 20 
7 8 9 3 4 2 21 5 6 22 11 12 13 14 23 15 16 17 24 25 20 
7 8 9 3 4 5 6 26 11 12 13 14 1 0 2 15 16 17 24 25 20 
7 8 9 3 4 2 21 5 6 22 11 12 13 14 23 15 16 17 18 19 20 
7 8 9 3 4 5 6 26 11 12 13 14 23 21 2 15 16 17 18 19 20 
7 8 9 3 4 2 5 6 27 11 12 13 14 23 21 15 16 17 18 19 20 
23 21 2 3 4 5 6 7 8 9 10 11 12 13 14 15 16 17 18 19 20 
7 8 9 3 4 2 5 6 27 11 12 13 14 1 0 15 16 17 18 19 20 
7 8 9 3 4 5 6 26 11 12 13 14 1 0 2 15 16 17 18 19 20 
7 8 9 3 4 2 5 6 27 11 12 13 14 1 0 15 16 17 24 25 20 
7 8 9 3 4 2 5 6 27 11 12 13 14 23 21 15 16 17 24 25 20 
7 8 9 3 4 2 0 5 6 28 11 12 13 14 1 15 16 17 18 19 20 
7 8 9 3 4 2 0 5 6 28 11 12 13 14 1 15 16 17 24 25 20 
0 1 2 3 4 5 6 7 8 9 10 11 12 13 14 15 16 17 24 25 20 
7 8 9 3 4 5 6 26 11 12 13 14 23 21 2 15 16 17 24 25 20 
23 21 2 3 4 5 6 7 8 9 10 11 12 13 14 15 16 17 24 25 20 

0 1 2 3 4 5 6 7 8 9 10 11 12 13 14 15 16 17 18 19 20 21 22 
0 1 2 3 4 5 6 7 8 9 10 11 12 13 14 15 16 17 18 19 23 24 22 
10 11 12 13 25 26 5 15 16 0 1 2 3 4 7 8 27 17 18 19 23 24 22 
6 14 5 3 4 7 8 0 1 2 28 10 11 12 13 15 16 17 18 19 23 24 22 
10 11 12 13 14 6 5 15 16 0 1 2 3 4 7 8 27 17 18 19 23 24 22 
0 1 2 3 4 5 7 8 29 10 11 12 13 14 6 15 16 17 18 19 20 21 22 
0 1 2 3 4 5 7 8 29 10 11 12 13 25 26 15 16 17 18 19 20 21 22 
10 11 12 13 14 6 5 15 16 0 1 2 3 4 7 8 27 17 18 19 20 21 22 
0 1 2 3 4 5 26 7 8 30 10 11 12 13 25 15 16 17 18 19 23 24 22 
0 1 2 3 4 5 7 8 29 10 11 12 13 25 26 15 16 17 18 19 23 24 22 
25 26 5 3 4 7 8 0 1 2 28 10 11 12 13 15 16 17 18 19 23 24 22 
6 14 5 3 4 7 8 0 1 2 28 10 11 12 13 15 16 17 18 19 20 21 22 
0 1 2 3 4 5 26 7 8 30 10 11 12 13 25 15 16 17 18 19 20 21 22 
0 1 2 3 4 5 7 8 29 10 11 12 13 14 6 15 16 17 18 19 23 24 22 
25 26 5 3 4 7 8 0 1 2 28 10 11 12 13 15 16 17 18 19 20 21 22 
10 11 12 13 25 26 5 15 16 0 1 2 3 4 7 8 27 17 18 19 20 21 22 

0 1 2 3 4 5 6 7 8 9 10 11 12 13 14 15 16 17 18 19 
0 1 2 3 4 6 7 20 9 10 11 12 13 14 5 15 16 17 21 22 
13 14 5 3 4 6 7 0 1 2 23 9 10 11 12 15 16 17 21 22 
24 25 5 3 4 6 7 0 1 2 23 9 10 11 12 15 16 17 18 19 
0 1 2 3 4 6 7 20 9 10 11 12 25 24 5 15 16 17 18 19 
0 1 2 3 4 6 7 20 9 10 11 12 25 24 5 15 16 17 21 22 
0 1 2 3 4 5 24 6 7 26 9 10 11 12 25 15 16 17 18 19 
0 1 2 3 4 5 24 6 7 26 9 10 11 12 25 15 16 17 21 22 
0 1 2 3 4 5 14 6 7 27 9 10 11 12 13 15 16 17 21 22 
0 1 2 3 4 5 6 7 8 9 10 11 12 13 14 15 16 17 21 22 
24 25 5 3 4 6 7 0 1 2 23 9 10 11 12 15 16 17 21 22 
0 1 2 3 4 5 14 6 7 27 9 10 11 12 13 15 16 17 18 19 
13 14 5 3 4 6 7 0 1 2 23 9 10 11 12 15 16 17 18 19 
0 1 2 3 4 6 7 20 9 10 11 12 13 14 5 15 16 17 18 19 
0 1 2 3 4 5 6 7 8 9 10 11 12 25 24 15 16 17 21 22 
0 1 2 3 4 5 6 7 8 9 10 11 12 25 24 15 16 17 18 19 

0 1 2 3 4 5 6 7 8 9 10 11 12 13 14 15 16 17 18 19 20 21 
0 1 2 3 4 5 14 6 7 22 9 10 11 12 13 15 16 17 18 19 20 21 
23 24 5 3 4 6 7 0 1 2 25 9 10 11 12 15 16 17 18 19 26 27 
0 1 2 3 4 5 23 6 7 28 9 10 11 12 24 15 16 17 18 19 26 27 
13 14 5 3 4 6 7 0 1 2 25 9 10 11 12 15 16 17 18 19 20 21 
9 10 11 12 13 14 5 15 16 0 1 2 3 4 6 7 29 17 18 19 20 21 
0 1 2 3 4 5 14 6 7 22 9 10 11 12 13 15 16 17 18 19 26 27 
23 24 5 3 4 6 7 0 1 2 25 9 10 11 12 15 16 17 18 19 20 21 
0 1 2 3 4 5 6 7 8 9 10 11 12 13 14 15 16 17 18 19 26 27 
13 14 5 3 4 6 7 0 1 2 25 9 10 11 12 15 16 17 18 19 26 27 
0 1 2 3 4 5 23 6 7 28 9 10 11 12 24 15 16 17 18 19 20 21 
9 10 11 12 24 23 5 15 16 0 1 2 3 4 6 7 29 17 18 19 26 27 
0 1 2 3 4 5 6 7 8 9 10 11 12 24 23 15 16 17 18 19 20 21 
0 1 2 3 4 5 6 7 8 9 10 11 12 24 23 15 16 17 18 19 26 27 
9 10 11 12 24 23 5 15 16 0 1 2 3 4 6 7 29 17 18 19 20 21 
9 10 11 12 13 14 5 15 16 0 1 2 3 4 6 7 29 17 18 19 26 27 

0 1 2 3 4 5 6 7 8 9 10 11 12 13 14 15 16 17 18 19 20 21 
7 8 9 3 4 2 5 6 22 11 12 13 14 23 24 15 16 17 25 26 20 21 
7 8 9 3 4 5 6 27 11 12 13 14 1 0 2 15 16 17 25 26 20 21 
23 24 2 3 4 5 6 7 8 9 10 11 12 13 14 15 16 17 25 26 20 21 
7 8 9 3 4 5 6 27 11 12 13 14 23 24 2 15 16 17 18 19 20 21 
7 8 9 3 4 2 5 6 22 11 12 13 14 1 0 15 16 17 18 19 20 21 
7 8 9 3 4 2 0 5 6 28 11 12 13 14 1 15 16 17 25 26 20 21 
7 8 9 3 4 2 5 6 22 11 12 13 14 1 0 15 16 17 25 26 20 21 
0 1 2 3 4 5 6 7 8 9 10 11 12 13 14 15 16 17 25 26 20 21 
7 8 9 3 4 5 6 27 11 12 13 14 1 0 2 15 16 17 18 19 20 21 
23 24 2 3 4 5 6 7 8 9 10 11 12 13 14 15 16 17 18 19 20 21 
7 8 9 3 4 2 5 6 22 11 12 13 14 23 24 15 16 17 18 19 20 21 
7 8 9 3 4 5 6 27 11 12 13 14 23 24 2 15 16 17 25 26 20 21 
7 8 9 3 4 2 24 5 6 29 11 12 13 14 23 15 16 17 25 26 20 21 
7 8 9 3 4 2 24 5 6 29 11 12 13 14 23 15 16 17 18 19 20 21 
7 8 9 3 4 2 0 5 6 28 11 12 13 14 1 15 16 17 18 19 20 21 

0 1 2 3 4 5 6 7 8 9 10 11 12 13 14 15 16 17 18 19 20 
0 1 2 3 4 6 7 21 9 10 11 12 22 23 14 15 16 17 18 19 20 
9 10 11 12 22 23 4 0 1 2 3 6 7 24 14 15 16 17 18 19 20 
0 1 2 3 4 6 7 21 9 10 11 12 22 23 14 15 16 17 25 26 20 
23 22 4 3 6 7 0 1 2 27 9 10 11 12 14 15 16 17 25 26 20 
9 10 11 12 13 5 4 0 1 2 3 6 7 24 14 15 16 17 25 26 20 
9 10 11 12 13 5 4 0 1 2 3 6 7 24 14 15 16 17 18 19 20 
0 1 2 3 4 6 7 21 9 10 11 12 13 5 14 15 16 17 25 26 20 
13 5 4 3 6 7 0 1 2 27 9 10 11 12 14 15 16 17 18 19 20 
13 5 4 3 6 7 0 1 2 27 9 10 11 12 14 15 16 17 25 26 20 
0 1 2 3 4 5 6 7 8 9 10 11 12 13 14 15 16 17 25 26 20 
9 10 11 12 22 23 4 0 1 2 3 6 7 24 14 15 16 17 25 26 20 
0 1 2 3 4 23 6 7 28 9 10 11 12 22 14 15 16 17 25 26 20 
0 1 2 3 4 23 6 7 28 9 10 11 12 22 14 15 16 17 18 19 20 
23 22 4 3 6 7 0 1 2 27 9 10 11 12 14 15 16 17 18 19 20 
0 1 2 3 4 6 7 21 9 10 11 12 13 5 14 15 16 17 18 19 20 

0 1 2 3 4 5 6 7 8 9 10 11 12 13 14 15 16 17 18 19 20 21 22 
5 4 12 11 13 14 8 9 10 23 0 1 2 3 6 7 16 17 18 19 20 21 22 
0 1 2 3 4 5 12 6 7 8 9 10 11 13 14 24 16 17 18 19 20 21 22 
8 9 10 11 12 25 13 14 26 0 1 2 3 27 6 7 16 17 18 19 20 21 22 
8 9 10 11 12 5 13 14 28 0 1 2 3 4 6 7 16 17 18 19 29 30 22 
0 1 2 3 27 25 6 7 8 9 10 11 12 13 14 15 16 17 18 19 29 30 22 
8 9 10 11 12 25 13 14 26 0 1 2 3 27 6 7 16 17 18 19 29 30 22 
0 1 2 3 27 25 6 7 8 9 10 11 12 13 14 15 16 17 18 19 20 21 22 
0 1 2 3 27 25 12 6 7 8 9 10 11 13 14 24 16 17 18 19 29 30 22 
0 1 2 3 4 5 6 7 8 9 10 11 12 13 14 15 16 17 18 19 29 30 22 
0 1 2 3 4 5 12 6 7 8 9 10 11 13 14 24 16 17 18 19 29 30 22 
27 25 12 11 13 14 8 9 10 23 0 1 2 3 6 7 16 17 18 19 29 30 22 
8 9 10 11 12 5 13 14 28 0 1 2 3 4 6 7 16 17 18 19 20 21 22 
0 1 2 3 27 25 12 6 7 8 9 10 11 13 14 24 16 17 18 19 20 21 22 
5 4 12 11 13 14 8 9 10 23 0 1 2 3 6 7 16 17 18 19 29 30 22 
27 25 12 11 13 14 8 9 10 23 0 1 2 3 6 7 16 17 18 19 20 21 22 

0 1 2 3 4 5 6 7 8 9 10 11 12 13 14 15 16 17 18 19 
8 9 10 11 20 21 4 0 1 2 3 5 6 22 14 15 16 17 18 19 
0 1 2 3 4 21 5 6 23 8 9 10 11 20 14 15 16 17 24 25 
0 1 2 3 4 21 5 6 23 8 9 10 11 20 14 15 16 17 18 19 
0 1 2 3 4 5 6 7 8 9 10 11 12 13 14 15 16 17 24 25 
8 9 10 11 20 21 4 0 1 2 3 5 6 22 14 15 16 17 24 25 
12 13 4 3 5 6 0 1 2 26 8 9 10 11 14 15 16 17 18 19 
0 1 2 3 4 13 5 6 27 8 9 10 11 12 14 15 16 17 24 25 
0 1 2 3 4 5 6 7 8 9 10 11 20 21 14 15 16 17 18 19 
0 1 2 3 4 5 6 7 8 9 10 11 20 21 14 15 16 17 24 25 
21 20 4 3 5 6 0 1 2 26 8 9 10 11 14 15 16 17 18 19 
8 9 10 11 12 13 4 0 1 2 3 5 6 22 14 15 16 17 18 19 
12 13 4 3 5 6 0 1 2 26 8 9 10 11 14 15 16 17 24 25 
21 20 4 3 5 6 0 1 2 26 8 9 10 11 14 15 16 17 24 25 
0 1 2 3 4 13 5 6 27 8 9 10 11 12 14 15 16 17 18 19 
8 9 10 11 12 13 4 0 1 2 3 5 6 22 14 15 16 17 24 25 

0 1 2 3 4 5 6 7 8 9 10 11 12 13 14 15 16 17 18 19 20 21 
0 1 2 3 4 5 6 7 8 9 10 11 12 13 14 15 16 17 18 19 22 23 
0 1 2 3 4 24 6 7 25 9 10 11 12 26 14 15 16 17 18 19 22 23 
26 24 4 3 6 7 0 1 2 27 9 10 11 12 14 15 16 17 18 19 22 23 
9 10 11 12 26 24 14 15 0 1 2 3 4 6 7 28 16 17 18 19 20 21 
9 10 11 12 26 24 4 14 15 0 1 2 3 6 7 29 16 17 18 19 20 21 
9 10 11 12 13 5 14 15 0 1 2 3 4 6 7 28 16 17 18 19 20 21 
5 13 4 3 6 7 0 1 2 27 9 10 11 12 14 15 16 17 18 19 22 23 
9 10 11 12 26 24 4 14 15 0 1 2 3 6 7 29 16 17 18 19 22 23 
26 24 4 3 6 7 0 1 2 27 9 10 11 12 14 15 16 17 18 19 20 21 
9 10 11 12 13 5 4 14 15 0 1 2 3 6 7 29 16 17 18 19 20 21 
5 13 4 3 6 7 0 1 2 27 9 10 11 12 14 15 16 17 18 19 20 21 
0 1 2 3 4 24 6 7 25 9 10 11 12 26 14 15 16 17 18 19 20 21 
9 10 11 12 13 5 4 14 15 0 1 2 3 6 7 29 16 17 18 19 22 23 
9 10 11 12 13 5 14 15 0 1 2 3 4 6 7 28 16 17 18 19 22 23 
9 10 11 12 26 24 14 15 0 1 2 3 4 6 7 28 16 17 18 19 22 23 

0 1 2 3 4 5 6 7 8 9 10 11 12 13 14 15 16 17 18 19 20 21 
10 11 12 13 22 23 2 6 7 8 3 4 5 24 14 15 16 17 25 26 20 21 
6 7 8 3 2 4 5 27 10 11 12 13 0 1 14 15 16 17 18 19 20 21 
6 7 8 3 2 4 5 27 10 11 12 13 22 23 14 15 16 17 18 19 20 21 
23 22 2 3 4 5 6 7 8 9 10 11 12 13 14 15 16 17 25 26 20 21 
23 22 2 3 4 5 6 7 8 9 10 11 12 13 14 15 16 17 18 19 20 21 
0 1 2 3 4 5 6 7 8 9 10 11 12 13 14 15 16 17 25 26 20 21 
6 7 8 3 2 1 4 5 28 10 11 12 13 0 14 15 16 17 25 26 20 21 
10 11 12 13 0 1 2 6 7 8 3 4 5 24 14 15 16 17 18 19 20 21 
10 11 12 13 22 23 2 6 7 8 3 4 5 24 14 15 16 17 18 19 20 21 
6 7 8 3 2 4 5 27 10 11 12 13 0 1 14 15 16 17 25 26 20 21 
6 7 8 3 2 4 5 27 10 11 12 13 22 23 14 15 16 17 25 26 20 21 
6 7 8 3 2 23 4 5 29 10 11 12 13 22 14 15 16 17 25 26 20 21 
6 7 8 3 2 23 4 5 29 10 11 12 13 22 14 15 16 17 18 19 20 21 
10 11 12 13 0 1 2 6 7 8 3 4 5 24 14 15 16 17 25 26 20 21 
6 7 8 3 2 1 4 5 28 10 11 12 13 0 14 15 16 17 18 19 20 21 

0 1 2 3 4 5 6 7 8 9 10 11 12 13 14 15 16 17 18 19 20 21 
0 1 2 15 14 3 4 5 6 7 8 22 10 11 12 13 16 17 18 19 20 21 
0 1 2 3 23 4 5 6 7 8 24 10 11 12 13 25 16 17 18 26 27 21 
0 1 2 3 23 4 5 6 7 8 24 10 11 12 13 25 16 17 18 19 20 21 
0 1 2 4 5 6 7 8 28 10 11 12 13 25 23 3 16 17 18 19 20 21 
0 1 2 4 5 6 7 8 28 10 11 12 13 14 15 3 16 17 18 19 20 21 
0 1 2 3 4 5 6 7 8 9 10 11 12 13 25 23 16 17 18 19 20 21 
0 1 2 25 23 3 4 5 6 7 8 22 10 11 12 13 16 17 18 19 20 21 
0 1 2 15 14 3 4 5 6 7 8 22 10 11 12 13 16 17 18 26 27 21 
0 1 2 4 5 6 7 8 28 10 11 12 13 25 23 3 16 17 18 26 27 21 
0 1 2 3 15 4 5 6 7 8 29 10 11 12 13 14 16 17 18 26 27 21 
0 1 2 3 4 5 6 7 8 9 10 11 12 13 25 23 16 17 18 26 27 21 
0 1 2 3 4 5 6 7 8 9 10 11 12 13 14 15 16 17 18 26 27 21 
0 1 2 4 5 6 7 8 28 10 11 12 13 14 15 3 16 17 18 26 27 21 
0 1 2 25 23 3 4 5 6 7 8 22 10 11 12 13 16 17 18 26 27 21 
0 1 2 3 15 4 5 6 7 8 29 10 11 12 13 14 16 17 18 19 20 21 

0 1 2 3 4 5 6 7 8 9 10 11 12 13 14 15 16 17 18 19 20 21 22 23 
0 1 2 6 7 8 9 10 24 12 13 14 15 25 26 5 16 17 18 19 20 27 28 23 
0 1 2 5 3 6 7 8 9 10 29 12 13 14 15 4 16 17 18 19 20 21 22 23 
0 1 2 5 26 6 7 8 9 10 30 12 13 14 15 25 16 17 18 19 20 27 28 23 
0 1 2 6 7 8 9 10 24 12 13 14 15 25 26 5 16 17 18 19 20 21 22 23 
0 1 2 5 6 7 8 9 10 31 12 13 14 15 25 26 16 17 18 19 20 21 22 23 
0 1 2 6 7 8 9 10 24 12 13 14 15 4 3 5 16 17 18 19 20 27 28 23 
0 1 2 5 6 7 8 9 10 31 12 13 14 15 25 26 16 17 18 19 20 27 28 23 
0 1 2 5 6 7 8 9 10 31 12 13 14 15 4 3 16 17 18 19 20 27 28 23 
0 1 2 5 26 6 7 8 9 10 30 12 13 14 15 25 16 17 18 19 20 21 22 23 
0 1 2 3 4 5 6 7 8 9 10 11 12 13 14 15 16 17 18 19 20 27 28 23 
0 1 2 6 7 8 9 10 24 12 13 14 15 4 3 5 16 17 18 19 20 21 22 23 
0 1 2 25 26 5 6 7 8 9 10 11 12 13 14 15 16 17 18 19 20 27 28 23 
0 1 2 5 6 7 8 9 10 31 12 13 14 15 4 3 16 17 18 19 20 21 22 23 
0 1 2 5 3 6 7 8 9 10 29 12 13 14 15 4 16 17 18 19 20 27 28 23 
0 1 2 25 26 5 6 7 8 9 10 11 12 13 14 15 16 17 18 19 20 21 22 23 

0 1 2 3 4 5 6 7 8 9 10 11 12 13 14 15 16 17 18 19 20 
0 1 2 3 4 5 6 7 8 9 10 11 12 13 14 15 16 17 18 21 22 
0 1 2 23 24 15 3 4 5 6 7 25 9 10 11 12 16 17 18 21 22 
0 1 2 3 4 5 6 7 8 9 10 11 12 23 24 15 16 17 18 21 22 
0 1 2 23 24 15 3 4 5 6 7 25 9 10 11 12 16 17 18 19 20 
0 1 2 14 13 15 3 4 5 6 7 25 9 10 11 12 16 17 18 21 22 
0 1 2 15 3 4 5 6 7 26 9 10 11 12 23 24 16 17 18 19 20 
0 1 2 15 3 4 5 6 7 26 9 10 11 12 13 14 16 17 18 19 20 
0 1 2 15 24 3 4 5 6 7 27 9 10 11 12 23 16 17 18 19 20 
0 1 2 14 13 15 3 4 5 6 7 25 9 10 11 12 16 17 18 19 20 
0 1 2 15 24 3 4 5 6 7 27 9 10 11 12 23 16 17 18 21 22 
0 1 2 15 3 4 5 6 7 26 9 10 11 12 13 14 16 17 18 21 22 
0 1 2 15 14 3 4 5 6 7 28 9 10 11 12 13 16 17 18 19 20 
0 1 2 15 14 3 4 5 6 7 28 9 10 11 12 13 16 17 18 21 22 
0 1 2 3 4 5 6 7 8 9 10 11 12 23 24 15 16 17 18 19 20 
0 1 2 15 3 4 5 6 7 26 9 10 11 12 23 24 16 17 18 21 22 

0 1 2 3 4 5 6 7 8 9 10 11 12 13 14 15 16 17 18 19 20 21 22 
0 1 2 5 6 7 8 9 10 23 12 13 14 15 3 4 16 17 18 19 20 21 22 
0 1 2 5 6 7 8 9 10 23 12 13 14 15 3 4 16 17 18 19 20 24 25 
0 1 2 5 26 6 7 8 9 10 27 12 13 14 15 28 16 17 18 19 20 24 25 
0 1 2 26 28 5 6 7 8 9 10 11 12 13 14 15 16 17 18 19 20 21 22 
0 1 2 5 4 6 7 8 9 10 29 12 13 14 15 3 16 17 18 19 20 21 22 
0 1 2 6 7 8 9 10 30 12 13 14 15 3 4 5 16 17 18 19 20 21 22 
0 1 2 6 7 8 9 10 30 12 13 14 15 28 26 5 16 17 18 19 20 24 25 
0 1 2 5 6 7 8 9 10 23 12 13 14 15 28 26 16 17 18 19 20 21 22 
0 1 2 6 7 8 9 10 30 12 13 14 15 3 4 5 16 17 18 19 20 24 25 
0 1 2 5 6 7 8 9 10 23 12 13 14 15 28 26 16 17 18 19 20 24 25 
0 1 2 5 4 6 7 8 9 10 29 12 13 14 15 3 16 17 18 19 20 24 25 
0 1 2 3 4 5 6 7 8 9 10 11 12 13 14 15 16 17 18 19 20 24 25 
0 1 2 5 26 6 7 8 9 10 27 12 13 14 15 28 16 17 18 19 20 21 22 
0 1 2 26 28 5 6 7 8 9 10 11 12 13 14 15 16 17 18 19 20 24 25 
0 1 2 6 7 8 9 10 30 12 13 14 15 28 26 5 16 17 18 19 20 21 22 

0 1 2 3 4 5 6 7 8 9 10 11 12 13 14 15 16 17 18 19 20 21 22 
0 1 2 6 7 8 9 10 23 12 13 14 15 3 4 5 16 17 18 24 25 21 22 
0 1 2 5 26 6 7 8 9 10 27 12 13 14 15 28 16 17 18 19 20 21 22 
0 1 2 5 6 7 8 9 10 29 12 13 14 15 28 26 16 17 18 19 20 21 22 
0 1 2 26 28 5 6 7 8 9 10 11 12 13 14 15 16 17 18 19 20 21 22 
0 1 2 26 28 5 6 7 8 9 10 11 12 13 14 15 16 17 18 24 25 21 22 
0 1 2 6 7 8 9 10 23 12 13 14 15 3 4 5 16 17 18 19 20 21 22 
0 1 2 5 6 7 8 9 10 29 12 13 14 15 3 4 16 17 18 19 20 21 22 
0 1 2 6 7 8 9 10 23 12 13 14 15 28 26 5 16 17 18 19 20 21 22 
0 1 2 5 6 7 8 9 10 29 12 13 14 15 3 4 16 17 18 24 25 21 22 
0 1 2 5 26 6 7 8 9 10 27 12 13 14 15 28 16 17 18 24 25 21 22 
0 1 2 3 4 5 6 7 8 9 10 11 12 13 14 15 16 17 18 24 25 21 22 
0 1 2 5 6 7 8 9 10 29 12 13 14 15 28 26 16 17 18 24 25 21 22 
0 1 2 6 7 8 9 10 23 12 13 14 15 28 26 5 16 17 18 24 25 21 22 
0 1 2 5 4 6 7 8 9 10 30 12 13 14 15 3 16 17 18 24 25 21 22 
0 1 2 5 4 6 7 8 9 10 30 12 13 14 15 3 16 17 18 19 20 21 22 

0 1 2 3 4 5 6 7 8 9 10 11 12 13 14 15 16 17 18 19 20 21 22 23 24 25 26 27 28 29 30 31 
0 1 2 3 4 5 6 7 8 9 10 32 33 11 12 13 14 34 16 17 18 19 22 23 24 25 26 27 28 29 30 31 
0 1 2 3 4 5 6 7 8 9 10 12 13 14 35 16 17 18 19 33 32 11 22 23 24 25 26 27 28 29 30 31 
0 1 2 3 4 5 6 7 8 9 10 11 12 13 14 15 16 17 18 19 33 32 22 23 24 25 26 27 28 29 30 31 
0 1 2 3 4 5 6 7 8 9 10 12 13 14 35 16 17 18 19 20 21 11 22 23 24 25 26 27 28 29 30 31 
0 1 2 3 4 5 6 7 8 9 10 11 21 12 13 14 36 16 17 18 19 20 22 23 24 25 26 27 28 29 30 31 
0 1 2 3 4 5 6 7 8 9 10 11 32 12 13 14 37 16 17 18 19 33 22 23 24 25 26 27 28 29 30 31 
0 1 2 3 4 5 6 7 8 9 10 20 21 11 12 13 14 34 16 17 18 19 22 23 24 25 26 27 28 29 30 31 
0 1 2 3 4 5 6 7 14 38 8 9 10 20 21 11 12 13 34 16 17 18 19 39 40 24 25 26 27 28 29 30 31 
0 1 2 3 4 5 6 7 14 38 8 9 10 11 12 13 15 16 17 18 19 33 32 39 40 24 25 26 27 28 29 30 31 
0 1 2 3 4 5 6 7 14 38 8 9 10 32 33 11 12 13 34 16 17 18 19 39 40 24 25 26 27 28 29 30 31 
0 1 2 3 4 5 6 7 14 38 8 9 10 11 21 12 13 36 16 17 18 19 20 39 40 24 25 26 27 28 29 30 31 
0 1 2 3 4 5 6 7 14 38 8 9 10 12 13 35 16 17 18 19 20 21 11 39 40 24 25 26 27 28 29 30 31 
0 1 2 3 4 5 6 7 14 38 8 9 10 11 12 13 15 16 17 18 19 20 21 39 40 24 25 26 27 28 29 30 31 
0 1 2 3 4 5 6 7 14 38 8 9 10 11 32 12 13 37 16 17 18 19 33 39 40 24 25 26 27 28 29 30 31 
0 1 2 3 4 5 6 7 14 38 8 9 10 12 13 35 16 17 18 19 33 32 11 39 40 24 25 26 27 28 29 30 31 

0 1 2 3 4 5 6 7 8 9 10 11 12 13 14 15 16 17 18 19 20 21 22 23 24 25 26 27 28 29 30 
0 1 2 3 4 5 6 7 8 9 10 31 32 11 13 14 15 33 17 18 19 20 22 23 24 25 26 27 28 29 30 
0 1 2 3 4 5 6 7 8 9 10 13 14 15 34 17 18 19 20 21 12 11 22 23 24 25 26 27 28 29 30 
0 1 2 3 4 5 6 7 8 9 10 11 13 14 15 35 17 18 19 20 21 12 22 23 24 25 26 27 28 29 30 
0 1 2 3 4 5 6 7 8 9 10 13 14 15 34 17 18 19 20 31 32 11 22 23 24 25 26 27 28 29 30 
0 1 2 3 4 5 6 7 8 9 10 11 13 14 15 35 17 18 19 20 31 32 22 23 24 25 26 27 28 29 30 
0 1 2 3 4 5 6 7 8 9 10 12 21 11 13 14 15 33 17 18 19 20 22 23 24 25 26 27 28 29 30 
0 1 2 3 4 5 6 7 8 9 10 11 32 13 14 15 36 17 18 19 20 31 22 23 24 25 26 27 28 29 30 
0 1 2 3 4 5 6 7 15 37 8 9 10 11 13 14 35 17 18 19 20 31 32 38 39 24 25 26 27 28 29 30 
0 1 2 3 4 5 6 7 15 37 8 9 10 11 32 13 14 36 17 18 19 20 31 38 39 24 25 26 27 28 29 30 
0 1 2 3 4 5 6 7 15 37 8 9 10 11 12 13 14 16 17 18 19 20 21 38 39 24 25 26 27 28 29 30 
0 1 2 3 4 5 6 7 15 37 8 9 10 12 21 11 13 14 33 17 18 19 20 38 39 24 25 26 27 28 29 30 
0 1 2 3 4 5 6 7 15 37 8 9 10 13 14 34 17 18 19 20 21 12 11 38 39 24 25 26 27 28 29 30 
0 1 2 3 4 5 6 7 15 37 8 9 10 13 14 34 17 18 19 20 31 32 11 38 39 24 25 26 27 28 29 30 
0 1 2 3 4 5 6 7 15 37 8 9 10 31 32 11 13 14 33 17 18 19 20 38 39 24 25 26 27 28 29 30 
0 1 2 3 4 5 6 7 15 37 8 9 10 11 13 14 35 17 18 19 20 21 12 38 39 24 25 26 27 28 29 30 

0 1 2 3 4 5 6 7 8 9 10 11 12 13 14 
0 1 2 3 4 5 6 7 15 16 10 11 12 13 14 
17 18 19 20 21 22 23 0 1 2 3 4 24 25 5 6 7 15 16 26 27 10 11 12 13 28 29 
17 18 19 20 30 31 23 0 1 2 3 4 24 25 5 6 7 15 16 26 27 10 11 12 13 28 32 
17 18 19 20 30 31 23 0 1 2 3 4 24 33 5 6 7 8 9 26 27 10 11 12 13 28 34 
17 18 19 20 21 22 23 0 1 2 3 4 24 33 5 6 7 8 9 26 27 10 11 12 13 28 29 
17 18 19 20 21 22 23 0 1 2 3 4 24 25 5 6 7 8 9 26 27 10 11 12 13 28 29 
17 18 19 20 30 31 23 0 1 2 3 4 24 25 5 6 7 8 9 26 27 10 11 12 13 28 34 
17 18 19 20 21 22 23 0 1 2 3 4 24 25 5 6 7 15 16 26 27 10 11 12 13 28 34 
17 18 19 20 30 31 23 0 1 2 3 4 24 33 5 6 7 15 16 26 27 10 11 12 13 28 34 
17 18 19 20 30 31 23 0 1 2 3 4 24 25 5 6 7 15 16 26 27 10 11 12 13 28 29 
17 18 19 20 21 22 23 0 1 2 3 4 24 33 5 6 7 8 9 26 27 10 11 12 13 28 34 
17 18 19 20 30 31 23 0 1 2 3 4 24 33 5 6 7 15 16 26 27 10 11 12 13 28 32 
17 18 19 20 30 31 23 0 1 2 3 4 24 33 5 6 7 8 9 26 27 10 11 12 13 28 32 
17 18 19 20 30 31 23 0 1 2 3 4 24 33 5 6 7 15 16 26 27 10 11 12 13 28 29 
17 18 19 20 30 31 23 0 1 2 3 4 24 25 5 6 7 8 9 26 27 10 11 12 13 28 29 
17 18 19 20 30 31 23 0 1 2 3 4 24 33 5 6 7 8 9 26 27 10 11 12 13 28 29 
17 18 19 20 21 22 23 0 1 2 3 4 24 25 5 6 7 8 9 26 27 10 11 12 13 28 34 
17 18 19 20 21 22 23 0 1 2 3 4 24 33 5 6 7 15 16 26 27 10 11 12 13 28 34 
17 18 19 20 21 22 23 0 1 2 3 4 24 33 5 6 7 8 9 26 27 10 11 12 13 28 32 
17 18 19 20 21 22 23 0 1 2 3 4 24 25 5 6 7 8 9 26 27 10 11 12 13 28 32 
17 18 19 20 21 22 23 0 1 2 3 4 24 33 5 6 7 15 16 26 27 10 11 12 13 28 32 
17 18 19 20 30 31 23 0 1 2 3 4 24 25 5 6 7 15 16 26 27 10 11 12 13 28 34 
17 18 19 20 21 22 23 0 1 2 3 4 24 33 5 6 7 15 16 26 27 10 11 12 13 28 29 
17 18 19 20 21 22 23 0 1 2 3 4 24 25 5 6 7 15 16 26 27 10 11 12 13 28 32 
17 18 19 20 30 31 23 0 1 2 3 4 24 25 5 6 7 8 9 26 27 10 11 12 13 28 32 

0 1 2 3 4 5 6 7 8 9 10 11 12 13 14 15 16 17 18 19 
0 1 2 3 20 21 6 7 8 9 10 11 12 13 14 15 16 22 23 19 
0 1 2 3 4 5 6 7 8 9 10 11 12 13 14 15 16 22 23 19 
0 1 2 3 20 21 6 7 8 9 10 11 12 13 14 15 16 17 18 19 
0 1 3 24 20 21 6 7 8 9 10 11 25 26 14 15 16 17 18 27 28 29 19 
0 1 3 24 4 5 6 7 8 9 10 11 25 30 14 15 16 17 18 27 28 29 19 
0 1 3 24 4 5 6 7 8 9 10 11 25 30 14 15 16 22 23 27 28 29 19 
0 1 3 24 4 5 6 7 8 9 10 11 25 26 14 15 16 17 18 27 28 29 19 
0 1 3 24 20 21 6 7 8 9 10 11 25 30 14 15 16 17 18 27 28 29 19 
0 1 3 24 4 5 6 7 8 9 10 11 25 26 14 15 16 22 23 27 28 29 19 
0 1 3 24 20 21 6 7 8 9 10 11 25 30 14 15 16 22 23 27 28 29 19 
0 1 3 24 20 21 6 7 8 9 10 11 25 26 14 15 16 22 23 27 28 29 19 

0 1 2 3 4 5 6 7 8 9 10 11 12 13 14 15 16 17 18 
0 1 2 3 19 20 6 7 8 9 10 11 12 13 14 15 16 17 18 
0 1 2 3 4 5 6 7 8 9 10 11 12 13 14 15 16 21 22 
0 1 2 3 19 20 6 7 8 9 10 11 12 13 14 15 16 21 22 
0 1 3 23 4 5 6 7 8 9 10 11 24 25 14 15 16 17 18 26 27 28 
0 1 3 23 19 20 6 7 8 9 10 11 24 25 14 15 16 21 22 26 27 28 
0 1 3 23 4 5 6 7 8 9 10 11 24 29 14 15 16 17 18 26 27 28 
0 1 3 23 19 20 6 7 8 9 10 11 24 29 14 15 16 21 22 26 27 28 
0 1 3 23 19 20 6 7 8 9 10 11 24 29 14 15 16 17 18 26 27 28 
0 1 3 23 19 20 6 7 8 9 10 11 24 25 14 15 16 17 18 26 27 28 
0 1 3 23 4 5 6 7 8 9 10 11 24 29 14 15 16 21 22 26 27 28 
0 1 3 23 4 5 6 7 8 9 10 11 24 25 14 15 16 21 22 26 27 28 

0 1 2 3 4 5 6 7 8 9 10 11 12 13 14 15 16 
0 1 2 3 4 5 6 7 8 9 10 11 12 13 17 18 16 
19 20 2 3 21 4 22 5 6 7 8 9 10 11 12 13 17 18 16 
19 20 2 3 21 4 22 5 6 7 8 9 10 11 12 13 14 15 16 
23 24 2 25 4 22 3 21 5 6 7 8 9 10 11 12 13 14 15 16 
23 24 2 25 4 22 3 21 5 6 7 8 9 10 11 12 13 17 18 16 
19 26 2 23 24 4 22 3 21 5 6 7 8 9 10 11 12 13 14 15 16 
19 26 2 23 24 4 22 3 21 5 6 7 8 9 10 11 12 13 17 18 16 

0 1 2 3 4 5 6 7 8 9 10 11 12 13 14 15 16 17 
0 1 2 3 4 5 6 7 8 9 10 11 12 13 14 18 19 17 
20 21 7 8 22 9 23 0 1 2 3 4 10 11 12 13 14 18 19 17 
20 21 7 8 22 9 23 0 1 2 3 4 10 11 12 13 14 15 16 17 
24 25 7 26 9 23 8 22 0 1 2 3 4 10 11 12 13 14 18 19 17 
24 25 7 26 9 23 8 22 0 1 2 3 4 10 11 12 13 14 15 16 17 
20 27 7 24 25 9 23 8 22 0 1 2 3 4 10 11 12 13 14 15 16 17 
20 27 7 24 25 9 23 8 22 0 1 2 3 4 10 11 12 13 14 18 19 17 

0 1 2 3 4 5 6 7 8 9 10 11 12 13 14 15 16 
0 1 2 3 4 5 6 7 8 9 10 11 12 13 14 17 18 
19 20 7 8 21 9 22 0 1 2 3 4 10 11 12 13 14 17 18 
19 20 7 8 21 9 22 0 1 2 3 4 10 11 12 13 14 15 16 
23 24 7 25 9 22 8 21 0 1 2 3 4 10 11 12 13 14 15 16 
23 24 7 25 9 22 8 21 0 1 2 3 4 10 11 12 13 14 17 18 
19 26 7 23 24 9 22 8 21 0 1 2 3 4 10 11 12 13 14 15 16 
19 26 7 23 24 9 22 8 21 0 1 2 3 4 10 11 12 13 14 17 18 

0 1 2 3 4 5 6 7 8 9 10 11 12 
0 1 2 3 4 5 6 13 14 9 10 11 12 
15 16 17 18 19 20 21 22 0 1 2 3 23 24 4 5 6 7 8 12 
15 16 17 18 19 25 26 22 0 1 2 3 23 24 4 5 6 7 8 12 
15 16 17 18 19 20 21 22 0 1 2 3 23 24 4 5 6 13 14 12 
15 16 17 18 19 25 26 22 0 1 2 3 23 24 4 5 6 13 14 12 
27 28 29 21 20 22 0 30 31 32 33 16 17 18 19 1 2 3 23 24 4 5 6 7 8 12 
27 28 29 25 26 22 0 30 31 34 33 16 17 18 19 1 2 3 23 24 4 5 6 7 8 12 
27 28 29 21 20 22 0 30 31 32 33 16 17 18 19 1 2 3 23 24 4 5 6 13 14 12 
27 28 29 21 20 22 0 30 31 35 33 16 17 18 19 1 2 3 23 24 4 5 6 13 14 12 
27 28 29 21 20 22 0 30 31 36 33 16 17 18 19 1 2 3 23 24 4 5 6 13 14 12 
27 28 29 21 20 22 0 30 31 36 33 16 17 18 19 1 2 3 23 24 4 5 6 7 8 12 
27 28 29 25 26 22 0 30 31 35 33 16 17 18 19 1 2 3 23 24 4 5 6 7 8 12 
27 28 29 21 20 22 0 30 31 35 33 16 17 18 19 1 2 3 23 24 4 5 6 7 8 12 
27 28 29 25 26 22 0 30 31 36 33 16 17 18 19 1 2 3 23 24 4 5 6 7 8 12 
27 28 29 25 26 22 0 30 31 35 33 16 17 18 19 1 2 3 23 24 4 5 6 13 14 12 
27 28 29 25 26 22 0 30 31 34 33 16 17 18 19 1 2 3 23 24 4 5 6 13 14 12 
27 28 29 25 26 22 0 30 31 36 33 16 17 18 19 1 2 3 23 24 4 5 6 13 14 12 

0 1 2 3 4 5 6 7 8 9 10 11 
0 1 2 3 4 5 6 12 13 9 10 11 
14 15 16 17 18 19 20 21 0 1 2 3 22 23 4 5 6 12 13 
14 15 16 17 18 19 20 21 0 1 2 3 22 23 4 5 6 7 8 
14 15 16 17 18 24 25 21 0 1 2 3 22 23 4 5 6 7 8 
14 15 16 17 18 24 25 21 0 1 2 3 22 23 4 5 6 12 13 
26 27 28 19 20 21 0 29 30 31 32 15 16 17 18 1 2 3 22 23 4 5 6 7 8 
26 27 28 25 24 21 0 29 30 33 32 15 16 17 18 1 2 3 22 23 4 5 6 7 8 
26 27 28 25 24 21 0 29 30 33 32 15 16 17 18 1 2 3 22 23 4 5 6 12 13 
26 27 28 19 20 21 0 29 30 33 32 15 16 17 18 1 2 3 22 23 4 5 6 12 13 
26 27 28 19 20 21 0 29 30 31 32 15 16 17 18 1 2 3 22 23 4 5 6 12 13 
26 27 28 25 24 21 0 29 30 31 32 15 16 17 18 1 2 3 22 23 4 5 6 12 13 
26 27 28 19 20 21 0 29 30 34 32 15 16 17 18 1 2 3 22 23 4 5 6 12 13 
26 27 28 19 20 21 0 29 30 33 32 15 16 17 18 1 2 3 22 23 4 5 6 7 8 
26 27 28 25 24 21 0 29 30 35 32 15 16 17 18 1 2 3 22 23 4 5 6 12 13 
26 27 28 25 24 21 0 29 30 35 32 15 16 17 18 1 2 3 22 23 4 5 6 7 8 
26 27 28 25 24 21 0 29 30 31 32 15 16 17 18 1 2 3 22 23 4 5 6 7 8 
26 27 28 19 20 21 0 29 30 34 32 15 16 17 18 1 2 3 22 23 4 5 6 7 8 

0 1 2 3 4 5 6 7 8 9 10 11 12 13 14 15 16 
17 18 5 1 19 20 3 6 7 8 9 10 11 12 13 14 15 16 
20 17 18 3 5 1 21 6 7 8 9 10 11 12 13 14 15 16 
20 17 18 5 1 22 3 6 7 8 9 10 11 12 13 14 15 16 
20 17 0 4 1 22 3 5 6 7 8 9 10 11 12 13 14 15 16 
23 24 25 26 0 4 22 5 6 7 8 9 10 11 12 13 14 15 16 
23 24 25 26 5 20 17 18 4 22 6 7 8 9 10 11 12 13 14 15 16 
23 25 26 27 5 20 17 18 4 22 6 7 8 9 10 11 12 13 14 15 16 

0 1 2 3 4 5 6 7 8 9 10 11 12 13 14 15 
16 17 18 3 5 1 19 6 7 8 9 10 11 12 13 14 15 
16 17 18 5 1 20 3 6 7 8 9 10 11 12 13 14 15 
17 18 5 1 21 16 3 6 7 8 9 10 11 12 13 14 15 
16 17 0 4 1 20 3 5 6 7 8 9 10 11 12 13 14 15 
22 23 24 25 0 4 20 5 6 7 8 9 10 11 12 13 14 15 
22 23 24 25 5 16 17 18 4 20 6 7 8 9 10 11 12 13 14 15 
22 24 25 26 5 16 17 18 4 20 6 7 8 9 10 11 12 13 14 15 

0 1 2 3 4 5 6 7 8 9 10 11 
12 13 14 3 5 1 15 6 7 8 9 10 11 
12 13 14 5 1 16 3 6 7 8 9 10 11 
13 14 5 1 17 12 3 6 7 8 9 10 11 
12 13 0 4 1 16 3 5 6 7 8 9 10 11 
18 19 20 21 0 4 16 5 6 7 8 9 10 11 
18 19 20 21 5 12 13 14 4 16 6 7 8 9 10 11 
18 20 21 22 5 12 13 14 4 16 6 7 8 9 10 11 

