0 1 2 3 4 5 6 7 8 9 10 
11 12 13 14 15 16 17 0 1 2 3 4 18 19 20 5 10 
21 22 23 24 25 26 27 28 7 8 29 30 0 1 2 3 4 31 32 5 9 10 
21 22 23 24 25 26 33 34 7 8 29 30 0 1 2 3 4 31 32 5 9 10 
21 22 23 24 25 26 27 28 7 8 35 36 0 1 2 3 4 31 32 5 9 10 
21 22 23 24 25 26 33 34 7 8 35 36 0 1 2 3 4 31 32 5 9 10 
37 38 39 40 41 42 43 44 45 46 47 48 49 50 7 8 30 51 52 53 29 54 0 21 22 55 1 2 3 4 31 32 5 9 10 
37 38 39 40 41 42 43 44 45 46 47 48 49 50 7 8 29 30 51 52 53 54 0 21 22 56 1 2 3 4 31 32 5 9 10 
37 38 39 40 41 42 43 44 45 46 47 48 49 50 7 8 35 51 52 53 36 54 0 21 22 57 1 2 3 4 31 32 5 9 10 
37 38 39 40 41 42 43 44 45 46 47 48 49 50 7 8 51 52 53 35 36 54 0 21 22 58 1 2 3 4 31 32 5 9 10 
37 38 39 40 41 42 43 44 45 46 47 48 49 50 7 8 35 36 51 52 53 54 0 21 22 56 1 2 3 4 31 32 5 9 10 
37 38 39 40 41 42 43 44 45 46 47 48 49 50 7 8 51 52 53 30 29 54 0 21 22 58 1 2 3 4 31 32 5 9 10 

0 1 2 3 4 5 6 7 8 9 
10 11 12 13 14 15 16 0 1 2 3 4 17 18 19 5 
20 21 22 23 24 25 26 27 7 8 28 29 0 1 2 3 4 30 31 5 9 
20 21 22 23 24 25 26 27 7 8 32 33 0 1 2 3 4 30 31 5 9 
20 21 22 23 24 25 34 35 7 8 32 33 0 1 2 3 4 30 31 5 9 
20 21 22 23 24 25 34 35 7 8 28 29 0 1 2 3 4 30 31 5 9 
36 37 38 39 40 41 42 43 44 45 46 47 48 49 7 8 32 33 50 51 52 53 0 20 21 54 1 2 3 4 30 31 5 9 
36 37 38 39 40 41 42 43 44 45 46 47 48 49 7 8 50 51 52 29 28 53 0 20 21 55 1 2 3 4 30 31 5 9 
36 37 38 39 40 41 42 43 44 45 46 47 48 49 7 8 50 51 52 32 33 53 0 20 21 55 1 2 3 4 30 31 5 9 
36 37 38 39 40 41 42 43 44 45 46 47 48 49 7 8 28 29 50 51 52 53 0 20 21 54 1 2 3 4 30 31 5 9 
36 37 38 39 40 41 42 43 44 45 46 47 48 49 7 8 32 50 51 52 33 53 0 20 21 56 1 2 3 4 30 31 5 9 
36 37 38 39 40 41 42 43 44 45 46 47 48 49 7 8 29 50 51 52 28 53 0 20 21 57 1 2 3 4 30 31 5 9 

0 1 
2 3 4 5 6 7 8 9 10 11 12 13 0 14 15 16 17 18 19 
2 3 4 5 6 7 20 21 10 11 12 13 0 14 15 16 17 18 19 
2 3 4 5 6 7 20 21 10 11 22 23 0 14 15 16 17 18 19 
2 3 4 5 6 7 8 9 10 11 22 23 0 14 15 16 17 18 19 
24 25 26 27 28 29 30 31 32 33 34 35 36 37 10 11 38 39 40 12 13 41 0 2 3 42 14 15 16 17 18 19 
24 25 26 27 28 29 30 31 32 33 34 35 36 37 10 11 38 39 40 23 22 41 0 2 3 42 14 15 16 17 18 19 
24 25 26 27 28 29 30 31 32 33 34 35 36 37 10 11 23 38 39 40 22 41 0 2 3 43 14 15 16 17 18 19 
24 25 26 27 28 29 30 31 32 33 34 35 36 37 10 11 12 38 39 40 13 41 0 2 3 44 14 15 16 17 18 19 
24 25 26 27 28 29 30 31 32 33 34 35 36 37 10 11 22 23 38 39 40 41 0 2 3 45 14 15 16 17 18 19 
24 25 26 27 28 29 30 31 32 33 34 35 36 37 10 11 12 13 38 39 40 41 0 2 3 45 14 15 16 17 18 19 

0 1 2 3 4 5 6 7 8 9 10 11 12 13 14 15 16 17 18 19 20 21 
0 1 2 3 4 7 22 9 10 11 12 6 5 13 14 15 16 17 18 19 20 21 
0 1 2 3 4 23 24 7 8 9 10 11 12 13 14 15 16 17 18 19 20 21 
0 1 2 3 4 7 22 9 10 11 12 23 24 13 14 15 16 17 18 19 20 21 
0 1 2 3 4 5 7 25 9 10 11 12 6 13 14 15 16 17 18 19 20 21 
0 1 2 3 4 24 7 26 9 10 11 12 23 13 14 15 16 17 18 19 20 21 
7 27 28 29 30 31 32 33 19 20 5 6 4 13 14 15 16 34 35 17 0 1 2 3 22 9 10 11 12 21 
7 27 28 29 30 31 36 37 19 20 5 6 4 13 14 15 16 34 35 17 0 1 2 3 25 9 10 11 12 21 
7 27 28 29 30 31 36 37 19 20 23 24 4 13 14 15 16 34 35 17 0 1 2 3 22 9 10 11 12 21 
7 27 28 29 30 31 32 33 19 20 23 24 4 13 14 15 16 34 35 17 0 1 2 3 8 9 10 11 12 21 
7 27 28 29 30 31 32 33 19 20 23 24 4 13 14 15 16 34 35 17 0 1 2 3 22 9 10 11 12 21 
7 27 28 29 30 31 32 33 19 20 5 6 4 13 14 15 16 34 35 17 0 1 2 3 25 9 10 11 12 21 
7 27 28 29 30 31 36 37 19 20 5 6 4 13 14 15 16 34 35 17 0 1 2 3 8 9 10 11 12 21 
7 27 28 29 30 31 36 37 19 20 5 6 4 13 14 15 16 34 35 17 0 1 2 3 22 9 10 11 12 21 
7 27 28 29 30 31 32 33 19 20 5 6 4 13 14 15 16 34 35 17 0 1 2 3 8 9 10 11 12 21 
7 27 28 29 30 31 36 37 19 20 23 24 4 13 14 15 16 34 35 17 0 1 2 3 26 9 10 11 12 21 
7 27 28 29 30 31 36 37 19 20 23 24 4 13 14 15 16 34 35 17 0 1 2 3 8 9 10 11 12 21 
7 27 28 29 30 31 32 33 19 20 23 24 4 13 14 15 16 34 35 17 0 1 2 3 26 9 10 11 12 21 
38 39 40 41 42 43 44 45 46 47 48 49 50 51 19 20 10 11 12 6 5 52 4 7 27 8 13 14 15 16 34 35 17 0 1 2 3 9 21 
38 39 40 41 42 43 44 45 46 47 48 49 50 51 19 20 23 10 11 12 24 52 4 7 27 26 13 14 15 16 34 35 17 0 1 2 3 9 21 
38 39 40 41 42 43 44 45 46 47 48 49 50 51 19 20 10 11 12 23 24 52 4 7 27 8 13 14 15 16 34 35 17 0 1 2 3 9 21 
38 39 40 41 42 43 44 45 46 47 48 49 50 51 19 20 23 24 10 11 12 52 4 7 27 22 13 14 15 16 34 35 17 0 1 2 3 9 21 
38 39 40 41 42 43 44 45 46 47 48 49 50 51 19 20 5 6 10 11 12 52 4 7 27 22 13 14 15 16 34 35 17 0 1 2 3 9 21 
38 39 40 41 42 43 44 45 46 47 48 49 50 51 19 20 6 10 11 12 5 52 4 7 27 25 13 14 15 16 34 35 17 0 1 2 3 9 21 

0 1 2 3 4 5 6 7 8 9 10 11 12 13 14 15 16 17 18 19 20 21 22 23 
18 19 20 21 22 5 6 0 1 2 3 4 7 8 9 10 11 15 24 25 26 27 16 17 23 
28 29 30 31 32 33 34 35 25 26 36 37 7 8 9 10 11 38 39 15 27 16 17 18 19 20 21 22 5 6 0 1 2 3 4 23 
28 29 30 31 32 33 40 41 25 26 42 43 7 8 9 10 11 38 39 15 27 16 17 18 19 20 21 22 5 6 0 1 2 3 4 23 
28 29 30 31 32 33 34 35 25 26 42 43 7 8 9 10 11 38 39 15 27 16 17 18 19 20 21 22 5 6 0 1 2 3 4 23 
28 29 30 31 32 33 40 41 25 26 36 37 7 8 9 10 11 38 39 15 27 16 17 18 19 20 21 22 5 6 0 1 2 3 4 23 
44 45 46 47 48 49 50 51 52 53 54 55 56 57 25 26 58 59 60 36 37 61 7 28 29 62 8 9 10 11 38 39 15 27 16 17 18 19 20 21 22 5 6 0 1 2 3 4 23 
44 45 46 47 48 49 50 51 52 53 54 55 56 57 25 26 42 43 58 59 60 61 7 28 29 63 8 9 10 11 38 39 15 27 16 17 18 19 20 21 22 5 6 0 1 2 3 4 23 
44 45 46 47 48 49 50 51 52 53 54 55 56 57 25 26 43 58 59 60 42 61 7 28 29 64 8 9 10 11 38 39 15 27 16 17 18 19 20 21 22 5 6 0 1 2 3 4 23 
44 45 46 47 48 49 50 51 52 53 54 55 56 57 25 26 36 37 58 59 60 61 7 28 29 63 8 9 10 11 38 39 15 27 16 17 18 19 20 21 22 5 6 0 1 2 3 4 23 
44 45 46 47 48 49 50 51 52 53 54 55 56 57 25 26 58 59 60 43 42 61 7 28 29 62 8 9 10 11 38 39 15 27 16 17 18 19 20 21 22 5 6 0 1 2 3 4 23 
44 45 46 47 48 49 50 51 52 53 54 55 56 57 25 26 36 58 59 60 37 61 7 28 29 65 8 9 10 11 38 39 15 27 16 17 18 19 20 21 22 5 6 0 1 2 3 4 23 

0 1 2 3 4 5 6 7 8 9 10 11 12 13 14 15 16 17 18 19 20 
0 1 2 3 4 21 22 7 8 9 10 11 12 13 14 15 16 17 18 19 20 
0 1 2 3 4 7 23 9 10 11 12 6 5 13 14 15 16 17 18 19 20 
0 1 2 3 4 5 7 24 9 10 11 12 6 13 14 15 16 17 18 19 20 
0 1 2 3 4 22 7 25 9 10 11 12 21 13 14 15 16 17 18 19 20 
0 1 2 3 4 7 23 9 10 11 12 21 22 13 14 15 16 17 18 19 20 
7 26 27 28 29 30 31 32 19 20 5 6 4 13 14 15 16 33 34 17 0 1 2 3 24 9 10 11 12 
7 26 27 28 29 30 35 36 19 20 5 6 4 13 14 15 16 33 34 17 0 1 2 3 23 9 10 11 12 
7 26 27 28 29 30 35 36 19 20 21 22 4 13 14 15 16 33 34 17 0 1 2 3 25 9 10 11 12 
7 26 27 28 29 30 35 36 19 20 21 22 4 13 14 15 16 33 34 17 0 1 2 3 23 9 10 11 12 
7 26 27 28 29 30 31 32 19 20 21 22 4 13 14 15 16 33 34 17 0 1 2 3 8 9 10 11 12 
7 26 27 28 29 30 31 32 19 20 21 22 4 13 14 15 16 33 34 17 0 1 2 3 25 9 10 11 12 
7 26 27 28 29 30 35 36 19 20 5 6 4 13 14 15 16 33 34 17 0 1 2 3 24 9 10 11 12 
7 26 27 28 29 30 35 36 19 20 21 22 4 13 14 15 16 33 34 17 0 1 2 3 8 9 10 11 12 
7 26 27 28 29 30 31 32 19 20 21 22 4 13 14 15 16 33 34 17 0 1 2 3 23 9 10 11 12 
7 26 27 28 29 30 35 36 19 20 5 6 4 13 14 15 16 33 34 17 0 1 2 3 8 9 10 11 12 
7 26 27 28 29 30 31 32 19 20 5 6 4 13 14 15 16 33 34 17 0 1 2 3 23 9 10 11 12 
7 26 27 28 29 30 31 32 19 20 5 6 4 13 14 15 16 33 34 17 0 1 2 3 8 9 10 11 12 
37 38 39 40 41 42 43 44 45 46 47 48 49 50 19 20 21 22 10 11 12 51 4 7 26 23 13 14 15 16 33 34 17 0 1 2 3 9 
37 38 39 40 41 42 43 44 45 46 47 48 49 50 19 20 6 10 11 12 5 51 4 7 26 24 13 14 15 16 33 34 17 0 1 2 3 9 
37 38 39 40 41 42 43 44 45 46 47 48 49 50 19 20 21 10 11 12 22 51 4 7 26 25 13 14 15 16 33 34 17 0 1 2 3 9 
37 38 39 40 41 42 43 44 45 46 47 48 49 50 19 20 10 11 12 21 22 51 4 7 26 8 13 14 15 16 33 34 17 0 1 2 3 9 
37 38 39 40 41 42 43 44 45 46 47 48 49 50 19 20 10 11 12 6 5 51 4 7 26 8 13 14 15 16 33 34 17 0 1 2 3 9 
37 38 39 40 41 42 43 44 45 46 47 48 49 50 19 20 5 6 10 11 12 51 4 7 26 23 13 14 15 16 33 34 17 0 1 2 3 9 

0 1 2 3 4 5 6 7 8 
9 10 11 12 13 14 15 16 7 8 17 18 0 1 2 3 4 19 20 5 
9 10 11 12 13 14 15 16 7 8 21 22 0 1 2 3 4 19 20 5 
9 10 11 12 13 14 23 24 7 8 21 22 0 1 2 3 4 19 20 5 
9 10 11 12 13 14 23 24 7 8 17 18 0 1 2 3 4 19 20 5 
25 26 27 28 29 30 31 32 33 34 35 36 37 38 7 8 17 18 39 40 41 42 0 9 10 43 1 2 3 4 19 20 5 
25 26 27 28 29 30 31 32 33 34 35 36 37 38 7 8 21 22 39 40 41 42 0 9 10 43 1 2 3 4 19 20 5 
25 26 27 28 29 30 31 32 33 34 35 36 37 38 7 8 21 39 40 41 22 42 0 9 10 44 1 2 3 4 19 20 5 
25 26 27 28 29 30 31 32 33 34 35 36 37 38 7 8 18 39 40 41 17 42 0 9 10 45 1 2 3 4 19 20 5 
25 26 27 28 29 30 31 32 33 34 35 36 37 38 7 8 39 40 41 18 17 42 0 9 10 46 1 2 3 4 19 20 5 
25 26 27 28 29 30 31 32 33 34 35 36 37 38 7 8 39 40 41 21 22 42 0 9 10 46 1 2 3 4 19 20 5 

0 1 2 3 4 5 6 7 8 9 10 11 12 13 14 15 16 17 18 19 20 21 22 
18 19 20 21 22 5 6 0 1 2 3 4 7 8 9 10 11 15 23 24 25 26 16 17 
27 28 29 30 31 32 33 34 24 25 35 36 7 8 9 10 11 37 38 15 26 16 17 18 19 20 21 22 5 6 0 1 2 3 4 
27 28 29 30 31 32 39 40 24 25 35 36 7 8 9 10 11 37 38 15 26 16 17 18 19 20 21 22 5 6 0 1 2 3 4 
27 28 29 30 31 32 39 40 24 25 41 42 7 8 9 10 11 37 38 15 26 16 17 18 19 20 21 22 5 6 0 1 2 3 4 
27 28 29 30 31 32 33 34 24 25 41 42 7 8 9 10 11 37 38 15 26 16 17 18 19 20 21 22 5 6 0 1 2 3 4 
43 44 45 46 47 48 49 50 51 52 53 54 55 56 24 25 57 58 59 35 36 60 7 27 28 61 8 9 10 11 37 38 15 26 16 17 18 19 20 21 22 5 6 0 1 2 3 4 
43 44 45 46 47 48 49 50 51 52 53 54 55 56 24 25 35 57 58 59 36 60 7 27 28 62 8 9 10 11 37 38 15 26 16 17 18 19 20 21 22 5 6 0 1 2 3 4 
43 44 45 46 47 48 49 50 51 52 53 54 55 56 24 25 57 58 59 42 41 60 7 27 28 61 8 9 10 11 37 38 15 26 16 17 18 19 20 21 22 5 6 0 1 2 3 4 
43 44 45 46 47 48 49 50 51 52 53 54 55 56 24 25 35 36 57 58 59 60 7 27 28 63 8 9 10 11 37 38 15 26 16 17 18 19 20 21 22 5 6 0 1 2 3 4 
43 44 45 46 47 48 49 50 51 52 53 54 55 56 24 25 41 42 57 58 59 60 7 27 28 63 8 9 10 11 37 38 15 26 16 17 18 19 20 21 22 5 6 0 1 2 3 4 
43 44 45 46 47 48 49 50 51 52 53 54 55 56 24 25 42 57 58 59 41 60 7 27 28 64 8 9 10 11 37 38 15 26 16 17 18 19 20 21 22 5 6 0 1 2 3 4 

0 1 2 3 4 
5 6 7 8 9 10 11 12 13 14 15 16 0 1 2 17 18 19 20 4 
5 6 7 8 9 10 21 22 13 14 23 24 0 1 2 17 18 19 20 4 
5 6 7 8 9 10 21 22 13 14 15 16 0 1 2 17 18 19 20 4 
5 6 7 8 9 10 11 12 13 14 23 24 0 1 2 17 18 19 20 4 
25 26 27 28 29 30 31 32 33 34 35 36 37 38 13 14 15 39 40 41 16 42 0 5 6 43 1 2 17 18 19 20 4 
25 26 27 28 29 30 31 32 33 34 35 36 37 38 13 14 23 24 39 40 41 42 0 5 6 44 1 2 17 18 19 20 4 
25 26 27 28 29 30 31 32 33 34 35 36 37 38 13 14 15 16 39 40 41 42 0 5 6 44 1 2 17 18 19 20 4 
25 26 27 28 29 30 31 32 33 34 35 36 37 38 13 14 24 39 40 41 23 42 0 5 6 45 1 2 17 18 19 20 4 
25 26 27 28 29 30 31 32 33 34 35 36 37 38 13 14 39 40 41 24 23 42 0 5 6 46 1 2 17 18 19 20 4 
25 26 27 28 29 30 31 32 33 34 35 36 37 38 13 14 39 40 41 15 16 42 0 5 6 46 1 2 17 18 19 20 4 

0 1 2 3 4 5 6 7 8 
9 10 11 12 13 14 15 16 7 8 17 18 0 1 2 3 4 19 20 5 
9 10 11 12 13 14 15 16 7 8 21 22 0 1 2 3 4 19 20 5 
9 10 11 12 13 14 23 24 7 8 17 18 0 1 2 3 4 19 20 5 
9 10 11 12 13 14 23 24 7 8 21 22 0 1 2 3 4 19 20 5 
25 26 27 28 29 30 31 32 33 34 35 36 37 38 7 8 17 39 40 41 18 42 0 9 10 43 1 2 3 4 19 20 5 
25 26 27 28 29 30 31 32 33 34 35 36 37 38 7 8 22 39 40 41 21 42 0 9 10 44 1 2 3 4 19 20 5 
25 26 27 28 29 30 31 32 33 34 35 36 37 38 7 8 21 22 39 40 41 42 0 9 10 45 1 2 3 4 19 20 5 
25 26 27 28 29 30 31 32 33 34 35 36 37 38 7 8 39 40 41 22 21 42 0 9 10 46 1 2 3 4 19 20 5 
25 26 27 28 29 30 31 32 33 34 35 36 37 38 7 8 39 40 41 17 18 42 0 9 10 46 1 2 3 4 19 20 5 
25 26 27 28 29 30 31 32 33 34 35 36 37 38 7 8 17 18 39 40 41 42 0 9 10 45 1 2 3 4 19 20 5 

0 1 2 3 4 5 6 7 8 9 10 11 
12 13 14 15 16 17 18 0 1 2 3 4 19 20 21 5 10 11 
22 23 24 25 26 27 28 29 7 8 30 31 0 1 2 3 4 32 33 5 9 10 11 
22 23 24 25 26 27 34 35 7 8 36 37 0 1 2 3 4 32 33 5 9 10 11 
22 23 24 25 26 27 34 35 7 8 30 31 0 1 2 3 4 32 33 5 9 10 11 
22 23 24 25 26 27 28 29 7 8 36 37 0 1 2 3 4 32 33 5 9 10 11 
38 39 40 41 42 43 44 45 46 47 48 49 50 51 7 8 30 31 52 53 54 55 0 22 23 56 1 2 3 4 32 33 5 9 10 11 
38 39 40 41 42 43 44 45 46 47 48 49 50 51 7 8 36 37 52 53 54 55 0 22 23 56 1 2 3 4 32 33 5 9 10 11 
38 39 40 41 42 43 44 45 46 47 48 49 50 51 7 8 31 52 53 54 30 55 0 22 23 57 1 2 3 4 32 33 5 9 10 11 
38 39 40 41 42 43 44 45 46 47 48 49 50 51 7 8 52 53 54 31 30 55 0 22 23 58 1 2 3 4 32 33 5 9 10 11 
38 39 40 41 42 43 44 45 46 47 48 49 50 51 7 8 36 52 53 54 37 55 0 22 23 59 1 2 3 4 32 33 5 9 10 11 
38 39 40 41 42 43 44 45 46 47 48 49 50 51 7 8 52 53 54 36 37 55 0 22 23 58 1 2 3 4 32 33 5 9 10 11 

0 1 2 3 
4 5 6 7 8 9 10 11 12 13 14 15 0 1 2 16 17 18 19 
4 5 6 7 8 9 10 11 12 13 20 21 0 1 2 16 17 18 19 
4 5 6 7 8 9 22 23 12 13 14 15 0 1 2 16 17 18 19 
4 5 6 7 8 9 22 23 12 13 20 21 0 1 2 16 17 18 19 
24 25 26 27 28 29 30 31 32 33 34 35 36 37 12 13 38 39 40 15 14 41 0 4 5 42 1 2 16 17 18 19 
24 25 26 27 28 29 30 31 32 33 34 35 36 37 12 13 20 21 38 39 40 41 0 4 5 43 1 2 16 17 18 19 
24 25 26 27 28 29 30 31 32 33 34 35 36 37 12 13 15 38 39 40 14 41 0 4 5 44 1 2 16 17 18 19 
24 25 26 27 28 29 30 31 32 33 34 35 36 37 12 13 20 38 39 40 21 41 0 4 5 45 1 2 16 17 18 19 
24 25 26 27 28 29 30 31 32 33 34 35 36 37 12 13 14 15 38 39 40 41 0 4 5 43 1 2 16 17 18 19 
24 25 26 27 28 29 30 31 32 33 34 35 36 37 12 13 38 39 40 20 21 41 0 4 5 42 1 2 16 17 18 19 

0 1 2 3 4 5 6 7 8 9 10 11 12 13 14 15 16 17 18 
0 1 2 3 4 5 6 19 20 9 10 11 21 13 14 15 16 17 18 
0 1 2 3 4 5 6 19 20 9 10 11 21 13 14 15 22 23 18 
0 1 2 3 4 5 6 7 8 9 10 11 21 13 14 15 22 23 18 
0 1 2 3 4 5 6 7 8 9 10 11 12 13 14 15 22 23 18 
0 1 2 3 4 5 6 19 20 9 10 11 12 13 14 15 16 17 18 
0 1 2 3 4 5 6 7 8 9 10 11 21 13 14 15 16 17 18 
0 1 2 3 4 5 6 19 20 9 10 11 12 13 14 15 22 23 18 
0 1 2 3 4 5 24 25 26 27 28 29 30 31 13 32 33 6 34 35 19 20 9 10 14 15 16 36 37 17 18 
0 1 2 3 4 5 24 25 26 27 28 29 30 31 13 32 33 6 34 35 7 8 9 10 14 15 16 36 37 17 18 
0 1 2 3 4 5 24 25 26 27 28 29 30 31 13 32 33 6 34 35 19 20 9 10 14 15 16 36 37 22 23 18 
0 1 2 3 4 5 24 25 26 27 28 29 30 31 13 32 33 6 34 35 7 8 9 10 14 15 16 36 37 22 23 18 

0 1 2 3 4 5 6 7 8 9 10 11 12 13 14 15 16 17 18 
0 1 2 3 4 5 6 19 20 9 10 11 12 13 14 15 21 22 18 
0 1 2 3 4 5 6 19 20 9 10 11 12 13 14 15 16 17 18 
0 1 2 3 4 5 6 7 8 9 10 11 12 13 14 15 21 22 18 
0 1 2 3 4 5 23 19 20 9 10 24 25 13 14 15 16 17 26 27 28 18 
0 1 2 3 4 5 23 7 8 9 10 24 25 13 14 15 16 17 26 27 28 18 
0 1 2 3 4 5 23 19 20 9 10 24 29 13 14 15 16 17 26 27 28 18 
0 1 2 3 4 5 23 7 8 9 10 24 29 13 14 15 16 17 26 27 28 18 
0 1 2 3 4 5 23 19 20 9 10 24 25 13 14 15 21 22 26 27 28 18 
0 1 2 3 4 5 23 7 8 9 10 24 25 13 14 15 21 22 26 27 28 18 
0 1 2 3 4 5 23 7 8 9 10 24 29 13 14 15 21 22 26 27 28 18 
0 1 2 3 4 5 23 19 20 9 10 24 29 13 14 15 21 22 26 27 28 18 
0 1 2 3 4 5 30 31 32 33 34 35 36 37 13 6 19 20 9 10 14 15 16 38 39 17 18 
0 1 2 3 4 5 30 31 32 33 34 35 36 37 13 6 7 8 9 10 14 15 16 38 39 17 18 
0 1 2 3 4 5 30 31 32 33 34 35 36 37 13 6 19 20 9 10 14 15 16 38 39 21 22 18 
0 1 2 3 4 5 30 31 32 33 34 35 36 37 13 6 7 8 9 10 14 15 16 38 39 21 22 18 
0 1 2 3 4 5 30 31 32 33 34 35 36 37 13 40 41 23 42 43 7 8 9 10 14 15 16 44 45 17 26 27 28 18 
0 1 2 3 4 5 30 31 32 33 34 35 36 37 13 40 41 23 42 43 19 20 9 10 14 15 16 44 45 17 26 27 28 18 
0 1 2 3 4 5 30 31 32 33 34 35 36 37 13 40 41 23 42 43 19 20 9 10 14 15 16 44 45 21 22 26 27 28 18 
0 1 2 3 4 5 30 31 32 33 34 35 36 37 13 40 41 23 42 43 7 8 9 10 14 15 16 44 45 21 22 26 27 28 18 

0 1 2 3 4 5 6 7 8 9 10 11 12 13 14 15 16 17 
0 1 2 3 4 5 6 7 8 9 10 11 12 13 14 15 18 19 
0 1 2 3 4 5 6 7 8 9 10 11 20 13 14 15 18 19 
0 1 2 3 4 5 6 7 8 9 10 11 20 13 14 15 16 17 
0 1 2 3 4 5 6 21 22 9 10 11 12 13 14 15 18 19 
0 1 2 3 4 5 6 21 22 9 10 11 12 13 14 15 16 17 
0 1 2 3 4 5 6 21 22 9 10 11 20 13 14 15 18 19 
0 1 2 3 4 5 6 21 22 9 10 11 20 13 14 15 16 17 
0 1 2 3 4 5 23 24 25 26 27 28 29 30 13 31 32 6 33 34 7 8 9 10 14 15 18 35 36 19 
0 1 2 3 4 5 23 24 25 26 27 28 29 30 13 31 32 6 33 34 21 22 9 10 14 15 18 35 36 19 
0 1 2 3 4 5 23 24 25 26 27 28 29 30 13 31 32 6 33 34 7 8 9 10 14 15 18 35 36 16 17 
0 1 2 3 4 5 23 24 25 26 27 28 29 30 13 31 32 6 33 34 21 22 9 10 14 15 18 35 36 16 17 

0 1 2 3 4 5 6 7 8 9 10 11 12 13 14 15 16 17 
0 1 2 3 4 5 6 18 19 9 10 11 12 13 14 15 20 21 
0 1 2 3 4 5 6 7 8 9 10 11 12 13 14 15 20 21 
0 1 2 3 4 5 6 18 19 9 10 11 12 13 14 15 16 17 
0 1 2 3 4 5 22 18 19 9 10 23 24 13 14 15 20 21 25 26 27 
0 1 2 3 4 5 22 7 8 9 10 23 28 13 14 15 20 21 25 26 27 
0 1 2 3 4 5 22 7 8 9 10 23 24 13 14 15 16 17 25 26 27 
0 1 2 3 4 5 22 7 8 9 10 23 24 13 14 15 20 21 25 26 27 
0 1 2 3 4 5 22 18 19 9 10 23 24 13 14 15 16 17 25 26 27 
0 1 2 3 4 5 22 7 8 9 10 23 28 13 14 15 16 17 25 26 27 
0 1 2 3 4 5 22 18 19 9 10 23 28 13 14 15 16 17 25 26 27 
0 1 2 3 4 5 22 18 19 9 10 23 28 13 14 15 20 21 25 26 27 
0 1 2 3 4 5 29 30 31 32 33 34 35 36 13 6 18 19 9 10 14 15 16 37 38 17 
0 1 2 3 4 5 29 30 31 32 33 34 35 36 13 6 7 8 9 10 14 15 16 37 38 17 
0 1 2 3 4 5 29 30 31 32 33 34 35 36 13 6 18 19 9 10 14 15 16 37 38 20 21 
0 1 2 3 4 5 29 30 31 32 33 34 35 36 13 6 7 8 9 10 14 15 16 37 38 20 21 
0 1 2 3 4 5 29 30 31 32 33 34 35 36 13 39 40 22 41 42 7 8 9 10 14 15 16 43 44 17 25 26 27 
0 1 2 3 4 5 29 30 31 32 33 34 35 36 13 39 40 22 41 42 18 19 9 10 14 15 16 43 44 17 25 26 27 
0 1 2 3 4 5 29 30 31 32 33 34 35 36 13 39 40 22 41 42 7 8 9 10 14 15 16 43 44 20 21 25 26 27 
0 1 2 3 4 5 29 30 31 32 33 34 35 36 13 39 40 22 41 42 18 19 9 10 14 15 16 43 44 20 21 25 26 27 

0 1 2 3 4 5 6 7 8 9 10 11 12 13 14 15 16 17 18 19 20 21 22 23 24 25 26 27 28 29 30 31 32 33 34 
0 1 2 3 4 5 6 7 8 10 35 12 13 14 15 36 37 17 18 19 20 21 22 23 24 25 26 27 28 29 30 31 32 33 34 
0 1 2 3 4 5 6 7 8 16 9 10 38 12 13 14 15 17 18 19 20 21 22 23 24 25 26 27 28 29 30 31 32 33 34 
0 1 2 3 4 5 6 7 8 37 10 39 12 13 14 15 36 17 18 19 20 21 22 23 24 25 26 27 28 29 30 31 32 33 34 
0 1 2 3 4 5 6 7 8 37 36 10 38 12 13 14 15 17 18 19 20 21 22 23 24 25 26 27 28 29 30 31 32 33 34 
0 1 2 3 4 5 6 7 8 10 35 12 13 14 15 16 9 17 18 19 20 21 22 23 24 25 26 27 28 29 30 31 32 33 34 
0 1 2 3 4 5 6 7 8 37 36 10 38 12 13 14 15 17 18 19 20 21 22 23 24 25 26 27 28 40 41 42 43 44 45 32 33 34 
0 1 2 3 4 5 6 7 8 9 10 11 12 13 14 15 16 17 18 19 20 21 22 23 24 25 26 27 28 40 41 42 43 44 45 32 33 34 
0 1 2 3 4 5 6 7 8 16 9 10 38 12 13 14 15 17 18 19 20 21 22 23 24 25 26 27 28 40 41 42 43 44 45 32 33 34 
0 1 2 3 4 5 6 7 8 37 10 39 12 13 14 15 36 17 18 19 20 21 22 23 24 25 26 27 28 40 41 42 43 44 45 32 33 34 
0 1 2 3 4 5 6 7 8 10 35 12 13 14 15 36 37 17 18 19 20 21 22 23 24 25 26 27 28 40 41 42 43 44 45 32 33 34 
0 1 2 3 4 5 6 7 8 10 35 12 13 14 15 16 9 17 18 19 20 21 22 23 24 25 26 27 28 40 41 42 43 44 45 32 33 34 

0 1 2 3 4 5 6 7 8 9 10 11 12 13 14 15 16 17 18 19 20 21 22 23 24 25 26 27 28 29 30 31 32 33 
0 1 2 3 4 5 6 7 8 9 11 34 13 14 15 16 10 17 18 19 20 21 22 23 24 25 26 27 28 29 30 31 32 33 
0 1 2 3 4 5 6 7 8 11 35 13 14 15 16 10 9 17 18 19 20 21 22 23 24 25 26 27 28 29 30 31 32 33 
0 1 2 3 4 5 6 7 8 36 37 11 12 13 14 15 16 17 18 19 20 21 22 23 24 25 26 27 28 29 30 31 32 33 
0 1 2 3 4 5 6 7 8 37 11 38 13 14 15 16 36 17 18 19 20 21 22 23 24 25 26 27 28 29 30 31 32 33 
0 1 2 3 4 5 6 7 8 11 35 13 14 15 16 36 37 17 18 19 20 21 22 23 24 25 26 27 28 29 30 31 32 33 
0 1 2 3 4 5 6 7 8 11 35 13 14 15 16 10 9 17 18 19 20 21 22 23 24 25 26 27 28 39 40 41 42 43 44 32 33 
0 1 2 3 4 5 6 7 8 36 37 11 12 13 14 15 16 17 18 19 20 21 22 23 24 25 26 27 28 39 40 41 42 43 44 32 33 
0 1 2 3 4 5 6 7 8 9 11 34 13 14 15 16 10 17 18 19 20 21 22 23 24 25 26 27 28 39 40 41 42 43 44 32 33 
0 1 2 3 4 5 6 7 8 11 35 13 14 15 16 36 37 17 18 19 20 21 22 23 24 25 26 27 28 39 40 41 42 43 44 32 33 
0 1 2 3 4 5 6 7 8 37 11 38 13 14 15 16 36 17 18 19 20 21 22 23 24 25 26 27 28 39 40 41 42 43 44 32 33 
0 1 2 3 4 5 6 7 8 9 10 11 12 13 14 15 16 17 18 19 20 21 22 23 24 25 26 27 28 39 40 41 42 43 44 32 33 

0 1 2 3 4 5 6 7 8 9 10 11 
0 1 2 3 4 5 12 13 8 9 10 11 
14 15 16 17 18 19 20 21 0 1 2 22 23 3 4 5 12 13 11 
14 15 16 17 18 19 20 21 0 1 2 22 23 3 4 5 6 7 11 
14 15 16 17 18 24 25 21 0 1 2 22 23 3 4 5 12 13 11 
14 15 16 17 18 24 25 21 0 1 2 22 23 3 4 5 6 7 11 
14 15 16 18 26 27 28 29 30 31 32 33 3 17 19 20 21 0 1 2 4 5 6 34 35 7 11 
14 15 16 18 26 27 28 29 30 31 32 33 3 17 24 25 21 0 1 2 4 5 6 34 35 7 11 
14 15 16 18 26 27 28 29 30 31 32 36 37 17 19 20 21 0 1 2 3 4 5 6 34 35 7 11 
14 15 16 18 26 27 28 29 30 31 32 33 3 17 24 25 21 0 1 2 4 5 6 34 35 12 13 11 
14 15 16 18 26 27 28 29 30 31 32 33 3 17 19 20 21 0 1 2 4 5 6 34 35 12 13 11 
14 15 16 18 26 27 28 29 30 31 32 36 37 17 24 25 21 0 1 2 3 4 5 6 34 35 7 11 
14 15 16 18 26 27 28 29 30 31 32 36 37 17 19 20 21 0 1 2 3 4 5 6 34 35 12 13 11 
14 15 16 18 26 27 28 29 30 31 32 36 37 17 24 25 21 0 1 2 3 4 5 6 34 35 12 13 11 

0 1 2 3 4 5 6 7 8 9 10 
0 1 2 3 4 5 11 12 8 9 10 
13 14 15 16 17 18 19 20 0 1 2 21 22 3 4 5 11 12 
13 14 15 16 17 18 19 20 0 1 2 21 22 3 4 5 6 7 
13 14 15 16 17 23 24 20 0 1 2 21 22 3 4 5 11 12 
13 14 15 16 17 23 24 20 0 1 2 21 22 3 4 5 6 7 
13 14 15 17 25 26 27 28 29 30 31 32 3 16 23 24 20 0 1 2 4 5 11 33 34 12 
13 14 15 17 25 26 27 28 29 30 31 32 3 16 18 19 20 0 1 2 4 5 11 33 34 12 
13 14 15 17 25 26 27 28 29 30 31 35 36 16 23 24 20 0 1 2 3 4 5 11 33 34 12 
13 14 15 17 25 26 27 28 29 30 31 35 36 16 18 19 20 0 1 2 3 4 5 11 33 34 12 
13 14 15 17 25 26 27 28 29 30 31 32 3 16 23 24 20 0 1 2 4 5 11 33 34 6 7 
13 14 15 17 25 26 27 28 29 30 31 32 3 16 18 19 20 0 1 2 4 5 11 33 34 6 7 
13 14 15 17 25 26 27 28 29 30 31 35 36 16 23 24 20 0 1 2 3 4 5 11 33 34 6 7 
13 14 15 17 25 26 27 28 29 30 31 35 36 16 18 19 20 0 1 2 3 4 5 11 33 34 6 7 

0 1 2 3 4 5 6 7 8 9 10 11 12 
0 1 2 3 4 5 13 14 8 9 10 11 12 
15 16 17 18 19 20 21 0 1 2 22 23 3 4 5 6 7 24 25 8 9 10 11 26 27 
15 16 17 18 19 20 21 0 1 2 22 23 3 4 5 13 14 24 25 8 9 10 11 26 27 
15 16 17 18 19 20 21 0 1 2 22 23 3 4 5 6 7 24 25 8 9 10 11 26 28 
15 16 17 18 29 30 21 0 1 2 22 23 3 4 5 6 7 24 25 8 9 10 11 26 28 
15 16 17 18 29 30 21 0 1 2 22 31 3 4 5 6 7 24 25 8 9 10 11 26 32 
15 16 17 18 29 30 21 0 1 2 22 31 3 4 5 13 14 24 25 8 9 10 11 26 32 
15 16 17 18 19 20 21 0 1 2 22 31 3 4 5 6 7 24 25 8 9 10 11 26 32 
15 16 17 18 19 20 21 0 1 2 22 31 3 4 5 6 7 24 25 8 9 10 11 26 27 
15 16 17 18 29 30 21 0 1 2 22 31 3 4 5 13 14 24 25 8 9 10 11 26 27 
15 16 17 18 29 30 21 0 1 2 22 31 3 4 5 6 7 24 25 8 9 10 11 26 28 
15 16 17 18 19 20 21 0 1 2 22 23 3 4 5 6 7 24 25 8 9 10 11 26 32 
15 16 17 18 29 30 21 0 1 2 22 31 3 4 5 13 14 24 25 8 9 10 11 26 28 
15 16 17 18 19 20 21 0 1 2 22 31 3 4 5 6 7 24 25 8 9 10 11 26 28 
15 16 17 18 19 20 21 0 1 2 22 31 3 4 5 13 14 24 25 8 9 10 11 26 32 
15 16 17 18 29 30 21 0 1 2 22 23 3 4 5 6 7 24 25 8 9 10 11 26 32 
15 16 17 18 29 30 21 0 1 2 22 23 3 4 5 13 14 24 25 8 9 10 11 26 32 
15 16 17 18 29 30 21 0 1 2 22 31 3 4 5 6 7 24 25 8 9 10 11 26 27 
15 16 17 18 19 20 21 0 1 2 22 23 3 4 5 13 14 24 25 8 9 10 11 26 28 
15 16 17 18 19 20 21 0 1 2 22 31 3 4 5 13 14 24 25 8 9 10 11 26 28 
15 16 17 18 19 20 21 0 1 2 22 31 3 4 5 13 14 24 25 8 9 10 11 26 27 
15 16 17 18 19 20 21 0 1 2 22 23 3 4 5 13 14 24 25 8 9 10 11 26 32 
15 16 17 18 29 30 21 0 1 2 22 23 3 4 5 13 14 24 25 8 9 10 11 26 27 
15 16 17 18 29 30 21 0 1 2 22 23 3 4 5 6 7 24 25 8 9 10 11 26 27 
15 16 17 18 29 30 21 0 1 2 22 23 3 4 5 13 14 24 25 8 9 10 11 26 28 

0 1 2 3 4 5 6 7 8 9 10 11 12 13 14 15 16 17 
0 1 2 3 4 5 6 7 8 9 10 11 12 13 14 18 19 17 
0 1 2 3 20 21 6 7 8 9 10 11 12 13 14 18 19 17 
0 1 2 3 20 21 6 7 8 9 10 11 12 13 14 15 16 17 
0 1 2 22 4 5 6 7 8 9 23 24 12 13 14 18 19 25 26 27 17 
0 1 2 22 4 5 6 7 8 9 23 28 12 13 14 15 16 25 26 27 17 
0 1 2 22 20 21 6 7 8 9 23 28 12 13 14 15 16 25 26 27 17 
0 1 2 22 20 21 6 7 8 9 23 24 12 13 14 18 19 25 26 27 17 
0 1 2 22 20 21 6 7 8 9 23 28 12 13 14 18 19 25 26 27 17 
0 1 2 22 20 21 6 7 8 9 23 24 12 13 14 15 16 25 26 27 17 
0 1 2 22 4 5 6 7 8 9 23 28 12 13 14 18 19 25 26 27 17 
0 1 2 22 4 5 6 7 8 9 23 24 12 13 14 15 16 25 26 27 17 

0 1 2 3 4 5 6 7 8 9 10 11 12 13 14 15 16 
0 1 2 3 4 5 6 7 8 9 10 11 12 13 14 17 18 
0 1 2 3 19 20 6 7 8 9 10 11 12 13 14 17 18 
0 1 2 3 19 20 6 7 8 9 10 11 12 13 14 15 16 
0 1 2 21 4 5 6 7 8 9 22 23 12 13 14 15 16 24 25 26 
0 1 2 21 19 20 6 7 8 9 22 23 12 13 14 15 16 24 25 26 
0 1 2 21 19 20 6 7 8 9 22 27 12 13 14 15 16 24 25 26 
0 1 2 21 4 5 6 7 8 9 22 27 12 13 14 17 18 24 25 26 
0 1 2 21 4 5 6 7 8 9 22 23 12 13 14 17 18 24 25 26 
0 1 2 21 19 20 6 7 8 9 22 23 12 13 14 17 18 24 25 26 
0 1 2 21 4 5 6 7 8 9 22 27 12 13 14 15 16 24 25 26 
0 1 2 21 19 20 6 7 8 9 22 27 12 13 14 17 18 24 25 26 

0 1 2 3 4 5 6 7 8 9 10 11 12 
0 1 2 3 4 5 13 14 8 9 10 11 12 
15 16 17 18 19 20 21 0 1 2 22 23 3 4 5 6 7 24 25 8 9 10 11 26 27 
15 16 17 18 28 29 21 0 1 2 22 23 3 4 5 6 7 24 25 8 9 10 11 26 30 
15 16 17 18 28 29 21 0 1 2 22 23 3 4 5 13 14 24 25 8 9 10 11 26 31 
15 16 17 18 19 20 21 0 1 2 22 32 3 4 5 6 7 24 25 8 9 10 11 26 31 
15 16 17 18 28 29 21 0 1 2 22 32 3 4 5 13 14 24 25 8 9 10 11 26 31 
15 16 17 18 19 20 21 0 1 2 22 32 3 4 5 6 7 24 25 8 9 10 11 26 30 
15 16 17 18 19 20 21 0 1 2 22 23 3 4 5 13 14 24 25 8 9 10 11 26 30 
15 16 17 18 28 29 21 0 1 2 22 32 3 4 5 13 14 24 25 8 9 10 11 26 30 
15 16 17 18 28 29 21 0 1 2 22 23 3 4 5 6 7 24 25 8 9 10 11 26 31 
15 16 17 18 19 20 21 0 1 2 22 32 3 4 5 13 14 24 25 8 9 10 11 26 31 
15 16 17 18 19 20 21 0 1 2 22 32 3 4 5 13 14 24 25 8 9 10 11 26 30 
15 16 17 18 19 20 21 0 1 2 22 23 3 4 5 6 7 24 25 8 9 10 11 26 31 
15 16 17 18 19 20 21 0 1 2 22 23 3 4 5 13 14 24 25 8 9 10 11 26 31 
15 16 17 18 28 29 21 0 1 2 22 23 3 4 5 6 7 24 25 8 9 10 11 26 27 
15 16 17 18 28 29 21 0 1 2 22 23 3 4 5 13 14 24 25 8 9 10 11 26 30 
15 16 17 18 19 20 21 0 1 2 22 23 3 4 5 6 7 24 25 8 9 10 11 26 30 
15 16 17 18 19 20 21 0 1 2 22 23 3 4 5 13 14 24 25 8 9 10 11 26 27 
15 16 17 18 28 29 21 0 1 2 22 32 3 4 5 6 7 24 25 8 9 10 11 26 30 
15 16 17 18 19 20 21 0 1 2 22 32 3 4 5 6 7 24 25 8 9 10 11 26 27 
15 16 17 18 28 29 21 0 1 2 22 32 3 4 5 6 7 24 25 8 9 10 11 26 27 
15 16 17 18 28 29 21 0 1 2 22 32 3 4 5 6 7 24 25 8 9 10 11 26 31 
15 16 17 18 19 20 21 0 1 2 22 32 3 4 5 13 14 24 25 8 9 10 11 26 27 
15 16 17 18 28 29 21 0 1 2 22 23 3 4 5 13 14 24 25 8 9 10 11 26 27 
15 16 17 18 28 29 21 0 1 2 22 32 3 4 5 13 14 24 25 8 9 10 11 26 27 

0 1 2 3 4 5 6 7 8 9 10 11 12 13 14 15 16 17 18 19 20 21 22 23 24 25 26 27 28 29 30 31 32 
0 1 2 3 4 5 6 7 8 9 10 11 33 12 13 34 35 15 16 36 18 19 20 21 24 25 26 27 28 29 30 31 32 
0 1 2 3 4 5 6 7 8 9 10 11 12 13 15 16 37 18 19 20 21 22 14 23 24 25 26 27 28 29 30 31 32 
0 1 2 3 4 5 6 7 8 9 10 11 12 13 14 22 15 16 36 18 19 20 21 23 24 25 26 27 28 29 30 31 32 
0 1 2 3 4 5 6 7 8 9 10 11 12 13 35 15 16 38 18 19 20 21 34 23 24 25 26 27 28 29 30 31 32 
0 1 2 3 4 5 6 7 8 9 10 11 33 12 13 15 16 37 18 19 20 21 22 14 24 25 26 27 28 29 30 31 32 
0 1 2 3 4 5 6 7 8 9 10 11 33 12 13 35 15 16 38 18 19 20 21 34 24 25 26 27 28 29 30 31 32 
0 1 2 3 4 5 6 7 8 9 10 11 33 12 13 14 22 15 16 36 18 19 20 21 24 25 26 27 28 29 30 31 32 
0 1 2 3 4 5 6 7 8 9 10 11 33 12 13 14 15 16 17 18 19 20 21 22 24 25 26 27 28 29 30 31 32 
0 1 2 3 4 5 6 7 8 9 10 11 33 12 13 15 16 37 18 19 20 21 34 35 24 25 26 27 28 29 30 31 32 
0 1 2 3 4 5 6 7 8 9 10 11 12 13 15 16 37 18 19 20 21 34 35 23 24 25 26 27 28 29 30 31 32 
0 1 2 3 4 5 6 7 8 9 10 11 12 13 34 35 15 16 36 18 19 20 21 23 24 25 26 27 28 29 30 31 32 

0 1 2 3 4 5 6 7 8 9 10 11 12 13 14 15 16 17 18 19 20 21 22 23 24 25 26 27 28 29 30 31 32 33 34 
0 1 2 3 4 5 6 7 8 9 10 11 12 13 14 35 16 17 36 19 20 21 22 37 24 25 26 27 28 29 30 31 32 33 34 
0 1 2 3 4 5 6 7 8 9 10 11 13 14 15 16 17 18 19 20 21 22 23 38 24 25 26 27 28 29 30 31 32 33 34 
0 1 2 3 4 5 6 7 8 9 10 11 13 14 16 17 39 19 20 21 22 37 35 38 24 25 26 27 28 29 30 31 32 33 34 
0 1 2 3 4 5 6 7 8 9 10 11 12 13 14 16 17 39 19 20 21 22 23 15 24 25 26 27 28 29 30 31 32 33 34 
0 1 2 3 4 5 6 7 8 9 10 11 12 13 14 23 15 16 17 40 19 20 21 22 24 25 26 27 28 29 30 31 32 33 34 
0 1 2 3 4 5 6 7 8 9 10 11 13 14 16 17 39 19 20 21 22 23 15 38 24 25 26 27 28 29 30 31 32 33 34 
0 1 2 3 4 5 6 7 8 9 10 11 12 13 14 16 17 39 19 20 21 22 37 35 24 25 26 27 28 29 30 31 32 33 34 
0 1 2 3 4 5 6 7 8 9 10 11 13 14 35 16 17 36 19 20 21 22 37 38 24 25 26 27 28 29 30 31 32 33 34 
0 1 2 3 4 5 6 7 8 9 10 11 13 14 35 37 16 17 40 19 20 21 22 38 24 25 26 27 28 29 30 31 32 33 34 
0 1 2 3 4 5 6 7 8 9 10 11 12 13 14 35 37 16 17 40 19 20 21 22 24 25 26 27 28 29 30 31 32 33 34 
0 1 2 3 4 5 6 7 8 9 10 11 13 14 23 15 16 17 40 19 20 21 22 38 24 25 26 27 28 29 30 31 32 33 34 

0 1 2 3 4 5 6 7 8 9 10 11 12 13 14 15 16 17 18 19 20 21 22 23 24 25 26 27 28 29 30 31 
0 1 2 3 4 5 6 7 8 9 10 11 13 14 32 33 16 17 34 19 20 21 22 35 24 25 26 27 28 29 30 31 
0 1 2 3 4 5 6 7 8 9 10 11 12 13 14 16 17 36 19 20 21 22 32 33 24 25 26 27 28 29 30 31 
0 1 2 3 4 5 6 7 8 9 10 11 12 13 14 33 16 17 37 19 20 21 22 32 24 25 26 27 28 29 30 31 
0 1 2 3 4 5 6 7 8 9 10 11 13 14 15 23 16 17 34 19 20 21 22 35 24 25 26 27 28 29 30 31 
0 1 2 3 4 5 6 7 8 9 10 11 13 14 16 17 36 19 20 21 22 32 33 35 24 25 26 27 28 29 30 31 
0 1 2 3 4 5 6 7 8 9 10 11 13 14 16 17 36 19 20 21 22 23 15 35 24 25 26 27 28 29 30 31 
0 1 2 3 4 5 6 7 8 9 10 11 12 13 14 16 17 36 19 20 21 22 23 15 24 25 26 27 28 29 30 31 
0 1 2 3 4 5 6 7 8 9 10 11 13 14 33 16 17 37 19 20 21 22 32 35 24 25 26 27 28 29 30 31 
0 1 2 3 4 5 6 7 8 9 10 11 13 14 15 16 17 18 19 20 21 22 23 35 24 25 26 27 28 29 30 31 
0 1 2 3 4 5 6 7 8 9 10 11 12 13 14 32 33 16 17 34 19 20 21 22 24 25 26 27 28 29 30 31 
0 1 2 3 4 5 6 7 8 9 10 11 12 13 14 15 23 16 17 34 19 20 21 22 24 25 26 27 28 29 30 31 

0 1 2 3 4 5 6 7 8 9 10 11 12 13 14 15 16 17 18 19 20 21 22 23 24 25 26 27 28 29 30 31 32 33 
0 1 2 3 4 5 6 7 8 9 10 11 34 12 13 35 14 15 36 17 18 19 20 37 24 25 26 27 28 29 30 31 32 33 
0 1 2 3 4 5 6 7 8 9 10 11 34 12 13 22 21 14 15 38 17 18 19 20 24 25 26 27 28 29 30 31 32 33 
0 1 2 3 4 5 6 7 8 9 10 11 34 12 13 22 14 15 39 17 18 19 20 21 24 25 26 27 28 29 30 31 32 33 
0 1 2 3 4 5 6 7 8 9 10 11 34 12 13 37 35 14 15 38 17 18 19 20 24 25 26 27 28 29 30 31 32 33 
0 1 2 3 4 5 6 7 8 9 10 11 12 13 37 35 14 15 38 17 18 19 20 23 24 25 26 27 28 29 30 31 32 33 
0 1 2 3 4 5 6 7 8 9 10 11 12 13 22 21 14 15 38 17 18 19 20 23 24 25 26 27 28 29 30 31 32 33 
0 1 2 3 4 5 6 7 8 9 10 11 34 12 13 14 15 16 17 18 19 20 37 35 24 25 26 27 28 29 30 31 32 33 
0 1 2 3 4 5 6 7 8 9 10 11 12 13 35 14 15 36 17 18 19 20 37 23 24 25 26 27 28 29 30 31 32 33 
0 1 2 3 4 5 6 7 8 9 10 11 34 12 13 14 15 16 17 18 19 20 21 22 24 25 26 27 28 29 30 31 32 33 
0 1 2 3 4 5 6 7 8 9 10 11 12 13 14 15 16 17 18 19 20 37 35 23 24 25 26 27 28 29 30 31 32 33 
0 1 2 3 4 5 6 7 8 9 10 11 12 13 22 14 15 39 17 18 19 20 21 23 24 25 26 27 28 29 30 31 32 33 

0 1 2 3 4 5 6 7 8 9 10 11 12 13 14 15 16 17 18 19 20 21 22 23 
0 1 2 3 4 5 6 7 8 9 10 11 12 13 24 16 17 25 19 20 21 22 26 23 
0 1 2 3 4 5 6 7 8 9 10 11 12 13 26 24 16 17 18 19 20 21 22 23 
0 1 2 3 4 5 6 7 8 9 10 11 27 12 13 24 16 17 25 19 20 21 22 26 
0 1 2 3 4 5 6 7 8 9 10 11 27 12 13 16 17 28 19 20 21 22 15 14 
0 1 2 3 4 5 6 7 8 9 10 11 12 13 14 16 17 29 19 20 21 22 15 23 
0 1 2 3 4 5 6 7 8 9 10 11 27 12 13 14 15 16 17 18 19 20 21 22 
0 1 2 3 4 5 6 7 8 9 10 11 12 13 16 17 28 19 20 21 22 26 24 23 
0 1 2 3 4 5 6 7 8 9 10 11 27 12 13 26 24 16 17 18 19 20 21 22 
0 1 2 3 4 5 6 7 8 9 10 11 27 12 13 14 16 17 29 19 20 21 22 15 
0 1 2 3 4 5 6 7 8 9 10 11 27 12 13 16 17 28 19 20 21 22 26 24 
0 1 2 3 4 5 6 7 8 9 10 11 12 13 16 17 28 19 20 21 22 15 14 23 

0 1 2 3 4 5 6 7 8 9 10 11 12 13 14 15 16 17 18 19 20 21 22 23 24 25 
0 1 2 3 4 5 6 7 8 9 10 11 12 13 14 16 17 26 19 20 21 22 27 28 24 25 
0 1 2 3 4 5 6 7 8 9 10 11 13 14 15 23 16 17 29 19 20 21 22 30 24 25 
0 1 2 3 4 5 6 7 8 9 10 11 12 13 14 27 28 16 17 29 19 20 21 22 24 25 
0 1 2 3 4 5 6 7 8 9 10 11 13 14 15 16 17 18 19 20 21 22 23 30 24 25 
0 1 2 3 4 5 6 7 8 9 10 11 13 14 16 17 26 19 20 21 22 27 28 30 24 25 
0 1 2 3 4 5 6 7 8 9 10 11 13 14 28 16 17 31 19 20 21 22 27 30 24 25 
0 1 2 3 4 5 6 7 8 9 10 11 13 14 16 17 26 19 20 21 22 23 15 30 24 25 
0 1 2 3 4 5 6 7 8 9 10 11 13 14 27 28 16 17 29 19 20 21 22 30 24 25 
0 1 2 3 4 5 6 7 8 9 10 11 12 13 14 16 17 26 19 20 21 22 23 15 24 25 
0 1 2 3 4 5 6 7 8 9 10 11 12 13 14 28 16 17 31 19 20 21 22 27 24 25 
0 1 2 3 4 5 6 7 8 9 10 11 12 13 14 15 23 16 17 29 19 20 21 22 24 25 

0 1 2 3 4 5 6 7 8 9 10 11 12 13 14 15 16 17 18 19 20 21 22 23 24 25 26 27 28 29 30 31 32 
0 1 2 3 4 5 6 7 8 9 10 11 13 15 16 33 18 19 20 21 34 35 36 23 24 25 26 27 28 29 30 31 32 
0 1 2 3 4 5 6 7 8 9 10 11 12 13 15 16 33 18 19 20 21 34 35 23 24 25 26 27 28 29 30 31 32 
0 1 2 3 4 5 6 7 8 9 10 11 12 13 15 16 33 18 19 20 21 22 14 23 24 25 26 27 28 29 30 31 32 
0 1 2 3 4 5 6 7 8 9 10 11 13 35 15 16 37 18 19 20 21 34 36 23 24 25 26 27 28 29 30 31 32 
0 1 2 3 4 5 6 7 8 9 10 11 12 13 35 15 16 37 18 19 20 21 34 23 24 25 26 27 28 29 30 31 32 
0 1 2 3 4 5 6 7 8 9 10 11 13 14 22 15 16 38 18 19 20 21 36 23 24 25 26 27 28 29 30 31 32 
0 1 2 3 4 5 6 7 8 9 10 11 13 34 35 15 16 38 18 19 20 21 36 23 24 25 26 27 28 29 30 31 32 
0 1 2 3 4 5 6 7 8 9 10 11 13 15 16 33 18 19 20 21 22 14 36 23 24 25 26 27 28 29 30 31 32 
0 1 2 3 4 5 6 7 8 9 10 11 12 13 34 35 15 16 38 18 19 20 21 23 24 25 26 27 28 29 30 31 32 
0 1 2 3 4 5 6 7 8 9 10 11 12 13 14 22 15 16 38 18 19 20 21 23 24 25 26 27 28 29 30 31 32 
0 1 2 3 4 5 6 7 8 9 10 11 13 14 15 16 17 18 19 20 21 22 36 23 24 25 26 27 28 29 30 31 32 

0 1 2 3 4 5 6 7 8 9 10 11 12 13 14 15 16 17 18 19 20 21 22 23 24 25 26 27 28 29 30 31 32 33 34 
0 1 2 3 4 5 6 7 8 9 10 11 13 14 16 17 35 19 20 21 22 15 36 23 24 25 26 27 28 29 30 31 32 33 34 
0 1 2 3 4 5 6 7 8 9 10 11 12 13 14 16 17 35 19 20 21 22 15 23 24 25 26 27 28 29 30 31 32 33 34 
0 1 2 3 4 5 6 7 8 9 10 11 13 37 16 17 38 19 20 21 22 39 36 23 24 25 26 27 28 29 30 31 32 33 34 
0 1 2 3 4 5 6 7 8 9 10 11 13 16 17 40 19 20 21 22 39 37 36 23 24 25 26 27 28 29 30 31 32 33 34 
0 1 2 3 4 5 6 7 8 9 10 11 13 39 37 16 17 18 19 20 21 22 36 23 24 25 26 27 28 29 30 31 32 33 34 
0 1 2 3 4 5 6 7 8 9 10 11 12 13 39 37 16 17 18 19 20 21 22 23 24 25 26 27 28 29 30 31 32 33 34 
0 1 2 3 4 5 6 7 8 9 10 11 12 13 37 16 17 38 19 20 21 22 39 23 24 25 26 27 28 29 30 31 32 33 34 
0 1 2 3 4 5 6 7 8 9 10 11 13 14 15 16 17 18 19 20 21 22 36 23 24 25 26 27 28 29 30 31 32 33 34 
0 1 2 3 4 5 6 7 8 9 10 11 12 13 16 17 40 19 20 21 22 39 37 23 24 25 26 27 28 29 30 31 32 33 34 
0 1 2 3 4 5 6 7 8 9 10 11 12 13 16 17 40 19 20 21 22 15 14 23 24 25 26 27 28 29 30 31 32 33 34 
0 1 2 3 4 5 6 7 8 9 10 11 13 16 17 40 19 20 21 22 15 14 36 23 24 25 26 27 28 29 30 31 32 33 34 

0 1 2 3 4 5 6 7 8 9 10 11 12 13 14 15 16 17 18 19 20 21 22 23 24 25 26 27 28 29 30 31 
0 1 2 3 4 5 6 7 8 9 10 11 32 12 15 16 33 18 19 20 21 13 14 23 24 25 26 27 28 29 30 31 
0 1 2 3 4 5 6 7 8 9 10 11 12 15 16 33 18 19 20 21 13 14 22 23 24 25 26 27 28 29 30 31 
0 1 2 3 4 5 6 7 8 9 10 11 12 15 16 33 18 19 20 21 34 35 22 23 24 25 26 27 28 29 30 31 
0 1 2 3 4 5 6 7 8 9 10 11 32 12 14 15 16 36 18 19 20 21 13 23 24 25 26 27 28 29 30 31 
0 1 2 3 4 5 6 7 8 9 10 11 32 12 15 16 33 18 19 20 21 34 35 23 24 25 26 27 28 29 30 31 
0 1 2 3 4 5 6 7 8 9 10 11 12 35 15 16 37 18 19 20 21 34 22 23 24 25 26 27 28 29 30 31 
0 1 2 3 4 5 6 7 8 9 10 11 32 12 35 15 16 37 18 19 20 21 34 23 24 25 26 27 28 29 30 31 
0 1 2 3 4 5 6 7 8 9 10 11 32 12 13 14 15 16 17 18 19 20 21 23 24 25 26 27 28 29 30 31 
0 1 2 3 4 5 6 7 8 9 10 11 12 14 15 16 36 18 19 20 21 13 22 23 24 25 26 27 28 29 30 31 
0 1 2 3 4 5 6 7 8 9 10 11 12 35 34 15 16 17 18 19 20 21 22 23 24 25 26 27 28 29 30 31 
0 1 2 3 4 5 6 7 8 9 10 11 32 12 35 34 15 16 17 18 19 20 21 23 24 25 26 27 28 29 30 31 

0 1 2 3 4 5 6 7 8 9 10 11 12 13 14 15 16 17 18 19 20 21 22 23 24 25 26 27 28 29 30 31 32 33 
0 1 2 3 4 5 6 7 8 9 10 11 12 13 22 14 15 34 17 18 19 20 21 23 24 25 26 27 28 29 30 31 32 33 
0 1 2 3 4 5 6 7 8 9 10 11 12 13 14 15 16 17 18 19 20 35 36 23 24 25 26 27 28 29 30 31 32 33 
0 1 2 3 4 5 6 7 8 9 10 11 13 14 15 16 17 18 19 20 35 36 37 23 24 25 26 27 28 29 30 31 32 33 
0 1 2 3 4 5 6 7 8 9 10 11 12 13 36 14 15 38 17 18 19 20 35 23 24 25 26 27 28 29 30 31 32 33 
0 1 2 3 4 5 6 7 8 9 10 11 13 36 14 15 38 17 18 19 20 35 37 23 24 25 26 27 28 29 30 31 32 33 
0 1 2 3 4 5 6 7 8 9 10 11 13 35 36 14 15 39 17 18 19 20 37 23 24 25 26 27 28 29 30 31 32 33 
0 1 2 3 4 5 6 7 8 9 10 11 13 22 14 15 34 17 18 19 20 21 37 23 24 25 26 27 28 29 30 31 32 33 
0 1 2 3 4 5 6 7 8 9 10 11 13 14 15 16 17 18 19 20 21 22 37 23 24 25 26 27 28 29 30 31 32 33 
0 1 2 3 4 5 6 7 8 9 10 11 12 13 22 21 14 15 39 17 18 19 20 23 24 25 26 27 28 29 30 31 32 33 
0 1 2 3 4 5 6 7 8 9 10 11 13 22 21 14 15 39 17 18 19 20 37 23 24 25 26 27 28 29 30 31 32 33 
0 1 2 3 4 5 6 7 8 9 10 11 12 13 35 36 14 15 39 17 18 19 20 23 24 25 26 27 28 29 30 31 32 33 

0 1 2 3 4 5 6 7 8 9 10 11 12 13 14 15 16 17 18 19 20 21 22 
0 1 2 3 4 5 6 7 8 9 10 11 13 15 16 17 23 19 20 21 22 14 24 
0 1 2 3 4 5 6 7 8 9 10 11 12 13 25 16 17 26 19 20 21 22 27 
0 1 2 3 4 5 6 7 8 9 10 11 13 25 27 16 17 18 19 20 21 22 24 
0 1 2 3 4 5 6 7 8 9 10 11 12 13 25 27 16 17 18 19 20 21 22 
0 1 2 3 4 5 6 7 8 9 10 11 13 25 16 17 26 19 20 21 22 27 24 
0 1 2 3 4 5 6 7 8 9 10 11 12 13 16 17 28 19 20 21 22 27 25 
0 1 2 3 4 5 6 7 8 9 10 11 12 13 15 16 17 23 19 20 21 22 14 
0 1 2 3 4 5 6 7 8 9 10 11 13 14 15 16 17 18 19 20 21 22 24 
0 1 2 3 4 5 6 7 8 9 10 11 13 16 17 28 19 20 21 22 27 25 24 
0 1 2 3 4 5 6 7 8 9 10 11 13 16 17 28 19 20 21 22 14 15 24 
0 1 2 3 4 5 6 7 8 9 10 11 12 13 16 17 28 19 20 21 22 14 15 

0 1 2 3 4 5 6 7 8 9 10 11 12 13 14 15 16 17 18 19 20 21 22 23 24 
0 1 2 3 4 5 6 7 8 9 10 11 25 12 21 13 14 26 16 17 18 19 20 23 24 
0 1 2 3 4 5 6 7 8 9 10 11 12 13 14 15 16 17 18 19 27 28 22 23 24 
0 1 2 3 4 5 6 7 8 9 10 11 25 12 13 14 15 16 17 18 19 20 21 23 24 
0 1 2 3 4 5 6 7 8 9 10 11 12 21 20 13 14 29 16 17 18 19 22 23 24 
0 1 2 3 4 5 6 7 8 9 10 11 25 12 27 28 13 14 29 16 17 18 19 23 24 
0 1 2 3 4 5 6 7 8 9 10 11 12 28 13 14 30 16 17 18 19 27 22 23 24 
0 1 2 3 4 5 6 7 8 9 10 11 25 12 13 14 15 16 17 18 19 27 28 23 24 
0 1 2 3 4 5 6 7 8 9 10 11 25 12 21 20 13 14 29 16 17 18 19 23 24 
0 1 2 3 4 5 6 7 8 9 10 11 12 27 28 13 14 29 16 17 18 19 22 23 24 
0 1 2 3 4 5 6 7 8 9 10 11 25 12 28 13 14 30 16 17 18 19 27 23 24 
0 1 2 3 4 5 6 7 8 9 10 11 12 21 13 14 26 16 17 18 19 20 22 23 24 

0 1 2 3 4 5 6 7 8 9 10 11 12 13 14 15 16 17 18 19 20 21 22 
3 4 2 23 0 1 8 5 7 9 10 11 12 13 14 15 16 17 18 19 20 21 22 
3 4 2 1 24 0 8 5 7 9 10 11 12 13 14 15 16 17 18 19 20 21 22 
0 1 2 3 4 5 6 7 8 9 10 11 12 13 14 15 25 26 27 28 29 20 21 22 
3 4 2 23 0 1 8 5 7 9 10 11 12 13 14 15 25 26 27 28 29 20 21 22 
3 4 2 1 24 0 8 5 7 9 10 11 12 13 14 15 25 26 27 28 29 20 21 22 
30 31 32 2 0 1 3 33 7 8 5 9 10 11 12 13 14 15 16 17 18 19 20 21 22 
30 31 32 2 0 1 3 33 7 8 5 9 10 11 12 13 14 15 25 26 27 28 29 20 21 22 
34 35 36 37 38 39 40 41 42 43 3 4 2 23 0 1 5 7 9 10 11 44 13 14 15 16 17 18 19 20 21 22 
34 35 36 37 38 39 40 41 42 43 3 4 2 1 24 0 5 7 9 10 11 44 13 14 15 16 17 18 19 20 21 22 
34 35 36 37 38 39 40 41 42 43 0 1 2 3 4 5 6 7 9 10 11 44 13 14 15 16 17 18 19 20 21 22 
34 35 36 37 38 39 40 41 42 43 0 1 2 3 4 5 6 7 9 10 11 44 13 14 15 25 26 27 28 29 20 21 22 
34 35 36 37 38 39 40 41 42 43 3 4 2 1 24 0 5 7 9 10 11 44 13 14 15 25 26 27 28 29 20 21 22 
34 35 36 37 38 39 40 41 42 43 3 4 2 23 0 1 5 7 45 9 10 11 46 13 14 15 16 17 18 19 20 21 22 
34 35 36 37 38 39 40 41 42 43 0 1 2 3 4 5 6 7 45 9 10 11 46 13 14 15 16 17 18 19 20 21 22 
34 35 36 37 38 39 40 41 42 43 3 4 2 1 24 0 5 7 45 9 10 11 46 13 14 15 16 17 18 19 20 21 22 
34 35 36 37 38 39 40 41 42 43 3 4 2 23 0 1 5 7 9 10 11 44 13 14 15 25 26 27 28 29 20 21 22 
34 35 36 37 38 39 40 41 42 43 30 31 32 2 0 1 3 33 7 5 9 10 11 44 13 14 15 16 17 18 19 20 21 22 
34 35 36 37 38 39 40 41 42 43 3 4 2 23 0 1 5 7 45 9 10 11 46 13 14 15 25 26 27 28 29 20 21 22 
34 35 36 37 38 39 40 41 42 43 0 1 2 3 4 5 6 7 45 9 10 11 46 13 14 15 25 26 27 28 29 20 21 22 
34 35 36 37 38 39 40 41 42 43 3 4 2 1 24 0 5 7 45 9 10 11 46 13 14 15 25 26 27 28 29 20 21 22 
34 35 36 37 38 39 40 41 42 43 30 31 32 2 0 1 3 33 7 5 9 10 11 44 13 14 15 25 26 27 28 29 20 21 22 
34 35 36 37 38 39 40 41 42 43 30 31 32 2 0 1 3 33 7 5 45 9 10 11 46 13 14 15 16 17 18 19 20 21 22 
34 35 36 37 38 39 40 41 42 43 30 31 32 2 0 1 3 33 7 5 45 9 10 11 46 13 14 15 25 26 27 28 29 20 21 22 

0 1 2 3 4 5 6 7 8 9 10 11 12 13 14 15 16 17 18 19 20 21 
4 5 2 0 1 7 22 8 6 9 10 11 12 13 14 15 16 17 18 19 20 21 
0 1 2 5 23 4 6 7 8 9 10 11 12 13 14 15 16 17 18 19 20 21 
0 1 2 5 23 4 6 7 8 9 10 11 12 13 14 15 24 25 26 27 28 20 21 
4 5 2 0 1 7 22 8 6 9 10 11 12 13 14 15 24 25 26 27 28 20 21 
0 1 2 3 4 5 6 7 8 9 10 11 12 13 14 15 24 25 26 27 28 20 21 
29 30 31 2 4 5 0 32 8 6 7 9 10 11 12 13 14 15 16 17 18 19 20 21 
29 30 31 2 4 5 0 32 8 6 7 9 10 11 12 13 14 15 24 25 26 27 28 20 21 
33 34 35 36 37 38 39 40 41 42 0 1 2 5 23 4 7 8 9 10 11 43 13 14 15 16 17 18 19 20 21 
33 34 35 36 37 38 39 40 41 42 4 5 2 0 1 7 22 8 9 10 11 43 13 14 15 16 17 18 19 20 21 
33 34 35 36 37 38 39 40 41 42 0 1 2 3 4 5 7 8 9 10 11 43 13 14 15 16 17 18 19 20 21 
33 34 35 36 37 38 39 40 41 42 0 1 2 5 23 4 7 8 44 9 10 11 45 13 14 15 16 17 18 19 20 21 
33 34 35 36 37 38 39 40 41 42 4 5 2 0 1 7 22 8 44 9 10 11 45 13 14 15 16 17 18 19 20 21 
33 34 35 36 37 38 39 40 41 42 0 1 2 3 4 5 7 8 9 10 11 43 13 14 15 24 25 26 27 28 20 21 
33 34 35 36 37 38 39 40 41 42 0 1 2 3 4 5 7 8 44 9 10 11 45 13 14 15 16 17 18 19 20 21 
33 34 35 36 37 38 39 40 41 42 4 5 2 0 1 7 22 8 9 10 11 43 13 14 15 24 25 26 27 28 20 21 
33 34 35 36 37 38 39 40 41 42 0 1 2 5 23 4 7 8 9 10 11 43 13 14 15 24 25 26 27 28 20 21 
33 34 35 36 37 38 39 40 41 42 4 5 2 0 1 7 22 8 44 9 10 11 45 13 14 15 24 25 26 27 28 20 21 
33 34 35 36 37 38 39 40 41 42 0 1 2 3 4 5 7 8 44 9 10 11 45 13 14 15 24 25 26 27 28 20 21 
33 34 35 36 37 38 39 40 41 42 0 1 2 5 23 4 7 8 44 9 10 11 45 13 14 15 24 25 26 27 28 20 21 
33 34 35 36 37 38 39 40 41 42 29 30 31 2 4 5 0 32 8 7 9 10 11 43 13 14 15 16 17 18 19 20 21 
33 34 35 36 37 38 39 40 41 42 29 30 31 2 4 5 0 32 8 7 44 9 10 11 45 13 14 15 16 17 18 19 20 21 
33 34 35 36 37 38 39 40 41 42 29 30 31 2 4 5 0 32 8 7 9 10 11 43 13 14 15 24 25 26 27 28 20 21 
33 34 35 36 37 38 39 40 41 42 29 30 31 2 4 5 0 32 8 7 44 9 10 11 45 13 14 15 24 25 26 27 28 20 21 

0 1 2 3 4 5 6 7 8 9 10 11 12 13 
3 4 2 1 14 0 8 5 7 9 10 11 12 13 
3 4 2 15 0 1 8 5 7 9 10 11 12 13 
16 17 18 2 0 1 3 19 7 8 5 9 10 11 12 13 
20 21 22 23 24 25 26 27 28 29 0 1 2 3 4 5 6 7 9 10 11 30 13 
20 21 22 23 24 25 26 27 28 29 3 4 2 1 14 0 5 7 9 10 11 30 13 
20 21 22 23 24 25 26 27 28 29 3 4 2 15 0 1 5 7 9 10 11 30 13 
20 21 22 23 24 25 26 27 28 29 3 4 2 1 14 0 5 7 31 9 10 11 32 13 
20 21 22 23 24 25 26 27 28 29 3 4 2 15 0 1 5 7 31 9 10 11 32 13 
20 21 22 23 24 25 26 27 28 29 0 1 2 3 4 5 6 7 31 9 10 11 32 13 
20 21 22 23 24 25 26 27 28 29 16 17 18 2 0 1 3 19 7 5 9 10 11 30 13 
20 21 22 23 24 25 26 27 28 29 16 17 18 2 0 1 3 19 7 5 31 9 10 11 32 13 

0 1 2 3 4 5 6 7 8 9 10 11 12 13 14 15 16 
0 1 2 3 4 5 6 7 8 17 10 11 12 18 15 13 16 
0 1 2 3 4 5 6 7 8 9 15 13 12 10 11 19 16 
0 1 2 3 4 5 6 7 8 17 10 11 12 13 14 15 16 
0 1 2 3 4 5 6 7 8 9 10 11 12 18 15 13 16 
0 1 2 3 4 5 6 7 8 17 15 13 12 10 11 19 16 
10 11 6 19 7 20 4 5 21 22 23 3 8 17 12 15 13 16 
10 11 6 19 7 20 4 5 21 22 23 3 8 9 12 15 13 16 
24 25 26 10 21 7 6 20 4 5 22 23 3 8 17 12 15 13 16 
24 25 26 10 21 7 6 20 4 5 22 23 3 8 9 12 15 13 16 
0 1 2 3 4 5 6 7 8 17 24 25 26 12 15 13 10 21 16 
0 1 2 3 4 5 6 7 8 9 24 25 26 12 15 13 10 21 16 
0 1 2 3 27 28 29 30 31 32 33 5 6 8 17 15 13 12 10 11 19 16 
0 1 2 3 27 28 29 30 31 32 33 5 6 8 9 10 11 12 13 14 15 16 
0 1 2 3 27 28 29 30 31 32 33 5 6 8 17 10 11 12 18 15 13 16 
0 1 2 3 27 28 29 30 31 32 33 5 6 8 9 10 11 12 18 15 13 16 
0 1 2 3 27 28 29 30 31 32 33 5 6 8 9 15 13 12 10 11 19 16 
0 1 2 3 27 28 29 30 31 32 33 5 6 8 17 10 11 12 13 14 15 16 
0 1 2 3 27 28 29 30 31 32 6 34 20 35 5 8 9 10 11 19 12 15 13 16 
0 1 2 3 27 28 29 30 31 32 6 34 20 35 5 8 9 10 11 12 13 14 15 16 
0 1 2 3 27 28 29 30 31 32 33 5 6 8 9 24 25 26 12 15 13 10 21 16 
0 1 2 3 27 28 29 30 31 32 6 34 20 35 5 8 17 10 11 12 13 14 15 16 
0 1 2 3 27 28 29 30 31 32 6 34 20 35 5 8 17 10 11 12 18 15 13 16 
0 1 2 3 27 28 29 30 31 32 6 34 20 35 5 8 17 10 11 19 12 15 13 16 
0 1 2 3 27 28 29 30 31 32 6 34 20 35 5 8 9 10 11 12 18 15 13 16 
0 1 2 3 27 28 29 30 31 32 33 5 6 8 17 24 25 26 12 15 13 10 21 16 
0 1 2 3 27 28 29 30 31 32 6 34 20 35 5 8 9 10 21 24 25 26 12 15 13 16 
0 1 2 3 27 28 29 30 31 32 6 34 20 35 5 8 17 10 21 24 25 26 12 15 13 16 

0 1 2 3 4 5 6 7 8 9 10 11 12 13 14 15 
0 1 2 3 4 5 6 7 8 9 10 11 12 15 16 14 
0 1 2 3 4 5 6 7 8 17 10 11 12 13 14 15 
0 1 2 3 4 5 6 7 8 17 10 11 12 15 16 14 
0 1 2 3 4 5 6 7 8 9 10 11 18 12 14 15 19 
10 11 6 18 7 19 4 5 20 21 22 3 8 9 12 14 15 
0 1 2 3 4 5 6 7 8 17 10 11 18 12 14 15 19 
10 11 6 18 7 19 4 5 20 21 22 3 8 17 12 14 15 
23 24 25 10 20 7 6 19 4 5 21 22 3 8 17 12 14 15 
23 24 25 10 20 7 6 19 4 5 21 22 3 8 9 12 14 15 
0 1 2 3 4 5 6 7 8 17 10 20 23 24 25 12 14 15 19 
0 1 2 3 4 5 6 7 8 9 10 20 23 24 25 12 14 15 19 
0 1 2 3 26 27 28 29 30 31 32 5 6 8 17 10 11 12 15 16 14 
0 1 2 3 26 27 28 29 30 31 32 5 6 8 9 10 11 12 13 14 15 
0 1 2 3 26 27 28 29 30 31 32 5 6 8 9 10 11 12 15 16 14 
0 1 2 3 26 27 28 29 30 31 32 5 6 8 17 10 11 12 13 14 15 
0 1 2 3 26 27 28 29 30 31 32 5 6 8 17 10 11 18 12 14 15 19 
0 1 2 3 26 27 28 29 30 31 32 5 6 8 9 10 11 18 12 14 15 19 
0 1 2 3 26 27 28 29 30 31 6 33 19 34 5 8 9 10 11 18 12 14 15 
0 1 2 3 26 27 28 29 30 31 6 33 19 34 5 8 17 10 11 12 13 14 15 
0 1 2 3 26 27 28 29 30 31 6 33 19 34 5 8 9 10 11 12 15 16 14 
0 1 2 3 26 27 28 29 30 31 6 33 19 34 5 8 17 10 11 12 15 16 14 
0 1 2 3 26 27 28 29 30 31 6 33 19 34 5 8 17 10 11 18 12 14 15 
0 1 2 3 26 27 28 29 30 31 6 33 19 34 5 8 9 10 11 12 13 14 15 
0 1 2 3 26 27 28 29 30 31 32 5 6 8 17 10 20 23 24 25 12 14 15 19 
0 1 2 3 26 27 28 29 30 31 32 5 6 8 9 10 20 23 24 25 12 14 15 19 
0 1 2 3 26 27 28 29 30 31 6 33 19 34 5 8 9 10 20 23 24 25 12 14 15 
0 1 2 3 26 27 28 29 30 31 6 33 19 34 5 8 17 10 20 23 24 25 12 14 15 

0 1 2 3 4 5 6 7 8 9 10 11 12 
0 1 2 3 4 5 6 7 8 13 10 11 12 
0 1 2 3 4 5 6 7 8 9 10 14 15 16 17 
0 1 2 3 4 5 6 7 8 13 10 14 15 16 17 
0 1 2 3 18 19 20 21 22 23 24 5 6 8 9 10 11 12 
0 1 2 3 18 19 20 21 22 23 24 5 6 8 13 10 11 12 
0 1 2 3 18 19 20 21 22 23 24 5 6 8 9 10 14 15 16 17 
0 1 2 3 18 19 20 21 22 23 6 25 26 27 5 8 13 10 11 12 
0 1 2 3 18 19 20 21 22 23 24 5 6 8 13 10 14 15 16 17 
0 1 2 3 18 19 20 21 22 23 6 25 26 27 5 8 9 10 11 12 
0 1 2 3 18 19 20 21 22 23 6 25 26 27 5 8 13 10 14 15 16 17 
0 1 2 3 18 19 20 21 22 23 6 25 26 27 5 8 9 10 14 15 16 17 

0 1 2 3 4 5 6 7 8 9 10 11 12 13 
0 1 2 3 4 5 6 7 8 9 10 11 12 14 
15 16 17 0 8 4 2 5 6 7 9 10 11 12 13 
15 16 17 0 8 4 2 5 6 7 9 10 11 12 14 
18 19 20 11 21 22 23 24 25 26 0 1 2 3 5 27 7 8 9 10 12 13 
18 19 20 11 21 22 23 24 25 26 0 1 2 3 5 27 7 8 9 10 12 14 
18 19 20 11 21 22 23 24 25 26 0 8 15 16 17 2 5 27 7 9 10 12 13 
18 19 20 11 21 22 23 24 25 26 0 1 2 3 5 28 29 7 8 9 10 12 13 
18 19 20 11 21 22 23 24 25 26 0 8 15 16 17 2 5 27 7 9 10 12 14 
18 19 20 11 21 22 23 24 25 26 0 1 2 3 5 28 29 7 8 9 10 12 14 
18 19 20 11 21 22 23 24 25 26 0 8 15 16 17 2 5 28 29 7 9 10 12 13 
18 19 20 11 21 22 23 24 25 26 0 8 15 16 17 2 5 28 29 7 9 10 12 14 

0 1 2 3 4 5 6 7 8 9 10 11 12 13 14 15 16 17 18 19 20 21 22 23 24 
0 1 2 3 4 5 6 7 8 9 10 11 12 13 14 15 16 17 18 25 26 21 22 23 27 
0 1 2 3 4 5 6 7 8 9 10 11 12 13 14 15 16 17 18 19 20 21 22 23 27 
0 1 2 3 4 5 6 7 8 9 10 11 12 13 14 15 16 17 18 25 26 21 22 23 24 
0 1 2 3 4 5 6 7 8 9 10 11 12 13 14 15 16 17 18 19 20 21 22 23 28 
0 1 2 3 4 5 6 7 8 9 10 11 12 13 14 15 16 17 18 25 26 21 22 23 28 
0 29 30 31 3 4 5 6 7 8 9 10 11 12 13 14 15 16 17 18 19 20 21 22 23 28 
0 29 30 31 3 4 5 6 7 8 9 10 11 12 13 14 15 16 17 18 25 26 21 22 23 28 
0 29 30 31 3 4 5 6 7 8 9 10 11 12 13 14 15 16 17 18 25 26 21 22 23 24 
0 29 30 31 3 4 5 6 7 8 9 10 11 12 13 14 15 16 17 18 19 20 21 22 23 24 
0 29 30 31 3 4 5 6 7 8 9 10 11 12 13 14 15 16 17 18 25 26 21 22 23 27 
0 29 30 31 3 4 5 6 7 8 9 10 11 12 13 14 15 16 17 18 19 20 21 22 23 27 

0 1 2 3 4 5 6 7 8 9 10 11 12 13 14 15 16 17 18 19 20 21 22 
0 1 2 3 4 5 6 7 8 9 10 11 12 13 14 15 16 17 18 19 20 21 23 
0 1 2 3 4 5 6 24 25 9 10 11 12 13 14 15 16 17 18 19 20 21 23 
0 1 2 3 4 5 6 24 25 9 10 11 12 13 14 15 16 17 18 19 20 21 22 
0 1 2 3 4 5 6 24 25 9 10 11 12 13 14 15 16 17 18 19 20 21 26 
0 1 2 3 4 5 6 7 8 9 10 11 12 13 14 15 16 17 18 19 20 21 26 
11 27 28 29 14 15 16 17 18 19 20 1 0 2 3 4 5 6 7 8 9 10 21 23 
11 27 28 29 14 15 16 17 18 19 20 1 0 2 3 4 5 6 7 8 9 10 21 22 
11 27 28 29 14 15 16 17 18 19 20 1 0 2 3 4 5 6 24 25 9 10 21 22 
11 27 28 29 14 15 16 17 18 19 20 1 0 2 3 4 5 6 24 25 9 10 21 23 
11 27 28 29 14 15 16 17 18 19 20 1 0 2 3 4 5 6 24 25 9 10 21 26 
11 27 28 29 14 15 16 17 18 19 20 1 0 2 3 4 5 6 7 8 9 10 21 26 

0 1 2 3 4 5 6 7 8 9 10 11 12 13 14 15 16 17 18 
0 1 2 3 4 5 6 7 8 9 19 11 12 13 14 15 16 17 18 
20 1 2 3 4 5 6 7 8 9 19 12 13 11 21 22 17 14 15 16 18 
20 1 2 3 4 5 6 7 8 9 10 12 13 11 21 22 17 14 15 16 18 
5 6 7 23 8 1 2 3 4 9 19 12 13 11 21 22 17 24 14 15 16 18 
5 6 7 25 8 1 2 3 4 9 19 12 13 11 21 22 17 26 14 15 16 18 
5 6 7 27 8 1 2 3 4 9 19 12 13 11 21 22 17 28 14 15 16 18 
5 6 7 25 8 1 2 3 4 9 10 12 13 11 21 22 17 26 14 15 16 18 
5 6 7 27 8 1 2 3 4 9 10 12 13 11 21 22 17 28 14 15 16 18 
5 6 7 23 8 1 2 3 4 9 10 12 13 11 21 22 17 24 14 15 16 18 
29 1 2 3 4 5 6 7 8 9 19 12 13 11 21 22 17 28 30 14 15 16 18 
29 1 2 3 4 5 6 7 8 9 10 12 13 11 21 22 17 28 30 14 15 16 18 
5 6 7 27 8 1 2 3 4 9 19 12 13 11 21 22 17 26 31 14 15 16 18 
5 6 7 27 8 1 2 3 4 9 10 12 13 11 21 22 17 24 32 14 15 16 18 
5 6 7 27 8 1 2 3 4 9 10 12 13 11 21 22 17 26 31 14 15 16 18 
5 6 7 27 8 1 2 3 4 9 19 12 13 11 21 22 17 24 32 14 15 16 18 
12 13 11 0 8 7 17 33 16 15 5 6 34 35 36 37 38 39 40 41 42 43 14 18 
29 1 2 3 4 5 6 7 8 9 10 12 13 11 21 22 17 26 31 30 14 15 16 18 
29 1 2 3 4 5 6 7 8 9 19 12 13 11 21 22 17 24 32 30 14 15 16 18 
29 1 2 3 4 5 6 7 8 9 10 12 13 11 21 22 17 24 32 30 14 15 16 18 
29 1 2 3 4 5 6 7 8 9 19 12 13 11 21 22 17 26 31 30 14 15 16 18 
12 13 11 21 22 17 20 8 7 33 16 15 5 6 34 35 36 37 38 39 40 41 42 43 14 18 
12 13 11 21 22 17 26 25 8 7 33 16 15 5 6 34 35 36 37 38 39 40 41 42 43 14 18 
12 13 11 21 22 17 24 23 8 7 33 16 15 5 6 34 35 36 37 38 39 40 41 42 43 14 18 
12 13 11 21 22 17 28 27 8 7 33 16 15 5 6 34 35 36 37 38 39 40 41 42 43 14 18 
12 13 11 21 22 17 26 31 27 8 7 33 16 15 5 6 34 35 36 37 38 39 40 41 42 43 14 18 
12 13 11 21 22 17 24 32 27 8 7 33 16 15 5 6 34 35 36 37 38 39 40 41 42 43 14 18 
12 13 11 21 22 17 28 30 29 8 7 33 16 15 5 6 34 35 36 37 38 39 40 41 42 43 14 18 
12 13 11 21 22 17 26 31 30 29 8 7 33 16 15 5 6 34 35 36 37 38 39 40 41 42 43 14 18 
12 13 11 21 22 17 24 32 30 29 8 7 33 16 15 5 6 34 35 36 37 38 39 40 41 42 43 14 18 

0 1 2 3 4 5 6 7 8 9 10 11 12 13 14 15 16 17 
0 1 2 3 4 5 6 7 8 9 18 11 12 13 14 15 16 17 
19 1 2 3 4 5 6 7 8 9 18 12 13 11 20 21 17 14 15 16 
19 1 2 3 4 5 6 7 8 9 10 12 13 11 20 21 17 14 15 16 
5 6 7 22 8 1 2 3 4 9 18 12 13 11 20 21 17 23 14 15 16 
5 6 7 24 8 1 2 3 4 9 18 12 13 11 20 21 17 25 14 15 16 
5 6 7 26 8 1 2 3 4 9 10 12 13 11 20 21 17 27 14 15 16 
5 6 7 24 8 1 2 3 4 9 10 12 13 11 20 21 17 25 14 15 16 
5 6 7 26 8 1 2 3 4 9 18 12 13 11 20 21 17 27 14 15 16 
5 6 7 22 8 1 2 3 4 9 10 12 13 11 20 21 17 23 14 15 16 
5 6 7 22 8 1 2 3 4 9 18 12 13 11 20 21 17 25 28 14 15 16 
5 6 7 22 8 1 2 3 4 9 10 12 13 11 20 21 17 27 29 14 15 16 
30 1 2 3 4 5 6 7 8 9 10 12 13 11 20 21 17 23 31 14 15 16 
5 6 7 22 8 1 2 3 4 9 10 12 13 11 20 21 17 25 28 14 15 16 
5 6 7 22 8 1 2 3 4 9 18 12 13 11 20 21 17 27 29 14 15 16 
30 1 2 3 4 5 6 7 8 9 18 12 13 11 20 21 17 23 31 14 15 16 
30 1 2 3 4 5 6 7 8 9 10 12 13 11 20 21 17 25 28 31 14 15 16 
30 1 2 3 4 5 6 7 8 9 10 12 13 11 20 21 17 27 29 31 14 15 16 
30 1 2 3 4 5 6 7 8 9 18 12 13 11 20 21 17 25 28 31 14 15 16 
12 13 11 0 8 7 17 32 16 15 5 6 33 34 35 36 37 38 39 40 41 42 14 
30 1 2 3 4 5 6 7 8 9 18 12 13 11 20 21 17 27 29 31 14 15 16 
12 13 11 20 21 17 19 8 7 32 16 15 5 6 33 34 35 36 37 38 39 40 41 42 14 
12 13 11 20 21 17 25 24 8 7 32 16 15 5 6 33 34 35 36 37 38 39 40 41 42 14 
12 13 11 20 21 17 27 26 8 7 32 16 15 5 6 33 34 35 36 37 38 39 40 41 42 14 
12 13 11 20 21 17 23 22 8 7 32 16 15 5 6 33 34 35 36 37 38 39 40 41 42 14 
12 13 11 20 21 17 23 31 30 8 7 32 16 15 5 6 33 34 35 36 37 38 39 40 41 42 14 
12 13 11 20 21 17 25 28 22 8 7 32 16 15 5 6 33 34 35 36 37 38 39 40 41 42 14 
12 13 11 20 21 17 27 29 22 8 7 32 16 15 5 6 33 34 35 36 37 38 39 40 41 42 14 
12 13 11 20 21 17 25 28 31 30 8 7 32 16 15 5 6 33 34 35 36 37 38 39 40 41 42 14 
12 13 11 20 21 17 27 29 31 30 8 7 32 16 15 5 6 33 34 35 36 37 38 39 40 41 42 14 

0 1 2 3 4 5 6 7 8 9 10 11 12 13 
0 1 2 3 4 5 6 7 8 9 14 11 12 13 
15 1 2 3 4 5 6 7 8 9 14 12 13 11 16 17 18 
15 1 2 3 4 5 6 7 8 9 10 12 13 11 16 17 18 
15 1 2 3 4 5 6 7 8 9 14 16 17 11 12 13 19 
15 1 2 3 4 5 6 7 8 9 10 16 17 11 12 13 19 
5 6 7 20 8 1 2 3 4 9 10 16 17 21 19 11 12 13 
5 6 7 22 8 1 2 3 4 9 10 12 13 11 16 17 18 23 
5 6 7 24 8 1 2 3 4 9 14 16 17 25 19 11 12 13 
5 6 7 20 8 1 2 3 4 9 10 12 13 11 16 17 18 21 
5 6 7 22 8 1 2 3 4 9 14 12 13 11 16 17 18 23 
5 6 7 22 8 1 2 3 4 9 14 16 17 23 19 11 12 13 
5 6 7 24 8 1 2 3 4 9 10 16 17 25 19 11 12 13 
5 6 7 24 8 1 2 3 4 9 14 12 13 11 16 17 18 25 
5 6 7 20 8 1 2 3 4 9 14 12 13 11 16 17 18 21 
5 6 7 24 8 1 2 3 4 9 10 12 13 11 16 17 18 25 
5 6 7 20 8 1 2 3 4 9 14 16 17 21 19 11 12 13 
5 6 7 22 8 1 2 3 4 9 10 16 17 23 19 11 12 13 
5 6 7 24 8 1 2 3 4 9 14 12 13 11 16 17 18 23 26 
5 6 7 24 8 1 2 3 4 9 10 12 13 11 16 17 18 23 26 
27 1 2 3 4 5 6 7 8 9 10 16 17 25 19 28 11 12 13 
27 1 2 3 4 5 6 7 8 9 10 12 13 11 16 17 18 25 28 
5 6 7 24 8 1 2 3 4 9 10 16 17 23 19 26 11 12 13 
5 6 7 24 8 1 2 3 4 9 14 12 13 11 16 17 18 21 29 
5 6 7 24 8 1 2 3 4 9 10 12 13 11 16 17 18 21 29 
5 6 7 24 8 1 2 3 4 9 14 16 17 23 19 26 11 12 13 
5 6 7 24 8 1 2 3 4 9 14 16 17 21 19 29 11 12 13 
27 1 2 3 4 5 6 7 8 9 14 12 13 11 16 17 18 25 28 
27 1 2 3 4 5 6 7 8 9 14 16 17 25 19 28 11 12 13 
5 6 7 24 8 1 2 3 4 9 10 16 17 21 19 29 11 12 13 
27 1 2 3 4 5 6 7 8 9 14 16 17 21 19 29 28 11 12 13 
27 1 2 3 4 5 6 7 8 9 10 16 17 21 19 29 28 11 12 13 
27 1 2 3 4 5 6 7 8 9 10 16 17 23 19 26 28 11 12 13 
27 1 2 3 4 5 6 7 8 9 14 16 17 23 19 26 28 11 12 13 
27 1 2 3 4 5 6 7 8 9 10 12 13 11 16 17 18 21 29 28 
27 1 2 3 4 5 6 7 8 9 10 12 13 11 16 17 18 23 26 28 
27 1 2 3 4 5 6 7 8 9 14 12 13 11 16 17 18 21 29 28 
27 1 2 3 4 5 6 7 8 9 14 12 13 11 16 17 18 23 26 28 

0 1 2 3 4 5 
6 4 7 8 5 2 0 1 9 
0 1 2 7 8 10 6 4 5 
7 8 11 9 12 4 5 2 0 1 
0 1 2 7 8 10 13 14 4 5 
0 1 2 7 8 10 15 16 4 5 
0 1 2 7 8 10 11 12 4 5 
7 8 15 9 16 4 5 2 0 1 
7 8 13 9 14 4 5 2 0 1 
0 1 2 7 8 10 11 17 18 4 5 
0 1 2 7 8 10 15 19 12 4 5 
7 8 15 9 19 12 4 5 2 0 1 
0 1 2 7 8 10 13 20 12 4 5 
7 8 11 9 17 18 4 5 2 0 1 
7 8 13 9 20 12 4 5 2 0 1 
0 1 2 7 8 10 13 20 17 18 4 5 
7 8 13 9 20 17 18 4 5 2 0 1 
7 8 15 9 19 17 18 4 5 2 0 1 
0 1 2 7 8 10 15 19 17 18 4 5 

0 1 2 3 4 5 6 7 8 9 10 11 12 
0 1 2 3 4 5 6 7 8 9 13 11 12 
5 6 7 14 8 1 2 3 4 9 13 11 12 15 16 
5 6 7 17 8 1 2 3 4 9 13 11 12 18 16 
5 6 7 14 8 1 2 3 4 9 10 11 12 15 16 
5 6 7 17 8 1 2 3 4 9 10 11 12 18 16 
5 6 7 19 8 1 2 3 4 9 13 11 12 20 16 
5 6 7 19 8 1 2 3 4 9 10 11 12 20 16 
5 6 7 14 8 1 2 3 4 9 10 11 12 20 16 21 
5 6 7 14 8 1 2 3 4 9 13 11 12 18 16 22 
23 1 2 3 4 5 6 7 8 9 10 11 12 15 16 24 
5 6 7 14 8 1 2 3 4 9 13 11 12 20 16 21 
23 1 2 3 4 5 6 7 8 9 13 11 12 15 16 24 
5 6 7 14 8 1 2 3 4 9 10 11 12 18 16 22 
23 1 2 3 4 5 6 7 8 9 13 11 12 18 16 22 24 
23 1 2 3 4 5 6 7 8 9 13 11 12 20 16 21 24 
23 1 2 3 4 5 6 7 8 9 10 11 12 18 16 22 24 
23 1 2 3 4 5 6 7 8 9 10 11 12 20 16 21 24 

0 1 2 3 4 5 6 7 8 9 10 11 12 
0 1 2 3 4 5 6 7 8 9 13 11 12 
5 6 7 14 8 1 2 3 4 9 13 11 12 15 16 
5 6 7 14 8 1 2 3 4 9 10 11 12 15 16 
5 6 7 17 8 1 2 3 4 9 13 11 12 18 16 
5 6 7 17 8 1 2 3 4 9 10 11 12 18 16 
5 6 7 19 8 1 2 3 4 9 10 11 12 20 16 
5 6 7 19 8 1 2 3 4 9 13 11 12 20 16 
21 1 2 3 4 5 6 7 8 9 10 11 12 20 16 22 
5 6 7 19 8 1 2 3 4 9 10 11 12 18 16 23 
5 6 7 19 8 1 2 3 4 9 13 11 12 18 16 23 
21 1 2 3 4 5 6 7 8 9 13 11 12 20 16 22 
5 6 7 19 8 1 2 3 4 9 10 11 12 15 16 24 
5 6 7 19 8 1 2 3 4 9 13 11 12 15 16 24 
21 1 2 3 4 5 6 7 8 9 13 11 12 18 16 23 22 
21 1 2 3 4 5 6 7 8 9 10 11 12 15 16 24 22 
21 1 2 3 4 5 6 7 8 9 10 11 12 18 16 23 22 
21 1 2 3 4 5 6 7 8 9 13 11 12 15 16 24 22 

0 1 2 3 4 5 6 7 8 9 10 11 12 
0 1 2 13 4 5 6 7 8 9 14 15 12 
0 1 2 3 4 5 6 7 8 9 14 11 12 
0 1 2 13 4 5 6 7 8 9 10 15 12 
0 1 2 16 4 5 6 7 8 9 14 17 12 
0 1 2 16 4 5 6 7 8 9 10 17 12 
18 5 6 7 8 0 1 2 4 9 10 12 15 19 20 
0 1 2 13 4 5 6 7 8 9 10 12 11 21 20 
18 5 6 7 8 0 1 2 4 9 14 12 15 19 20 
0 1 2 13 4 5 6 7 8 9 14 12 11 21 20 
0 1 2 13 4 5 6 7 8 9 10 12 17 22 20 
0 1 2 13 4 5 6 7 8 9 14 12 17 22 20 
18 5 6 7 8 0 1 2 4 9 10 12 11 21 20 19 
18 5 6 7 8 0 1 2 4 9 10 12 17 22 20 19 
18 5 6 7 8 0 1 2 4 9 14 12 11 21 20 19 
18 5 6 7 8 0 1 2 4 9 14 12 17 22 20 19 

0 1 2 3 4 5 6 7 8 9 10 11 12 
0 1 2 3 4 5 13 14 8 9 10 11 12 
15 16 17 18 19 20 21 0 1 2 22 23 3 4 5 6 7 24 25 8 9 10 11 26 27 
15 16 17 18 28 29 21 0 1 2 22 23 3 4 5 6 7 24 25 8 9 10 11 26 30 
15 16 17 18 28 29 21 0 1 2 22 31 3 4 5 13 14 24 25 8 9 10 11 26 27 
15 16 17 18 28 29 21 0 1 2 22 31 3 4 5 13 14 24 25 8 9 10 11 26 30 
15 16 17 18 19 20 21 0 1 2 22 31 3 4 5 6 7 24 25 8 9 10 11 26 27 
15 16 17 18 28 29 21 0 1 2 22 23 3 4 5 13 14 24 25 8 9 10 11 26 30 
15 16 17 18 19 20 21 0 1 2 22 31 3 4 5 6 7 24 25 8 9 10 11 26 32 
15 16 17 18 28 29 21 0 1 2 22 23 3 4 5 6 7 24 25 8 9 10 11 26 27 
15 16 17 18 28 29 21 0 1 2 22 31 3 4 5 6 7 24 25 8 9 10 11 26 27 
15 16 17 18 28 29 21 0 1 2 22 23 3 4 5 6 7 24 25 8 9 10 11 26 32 
15 16 17 18 19 20 21 0 1 2 22 31 3 4 5 13 14 24 25 8 9 10 11 26 27 
15 16 17 18 28 29 21 0 1 2 22 31 3 4 5 13 14 24 25 8 9 10 11 26 32 
15 16 17 18 28 29 21 0 1 2 22 23 3 4 5 13 14 24 25 8 9 10 11 26 27 
15 16 17 18 28 29 21 0 1 2 22 23 3 4 5 13 14 24 25 8 9 10 11 26 32 
15 16 17 18 19 20 21 0 1 2 22 31 3 4 5 6 7 24 25 8 9 10 11 26 30 
15 16 17 18 28 29 21 0 1 2 22 31 3 4 5 6 7 24 25 8 9 10 11 26 32 
15 16 17 18 19 20 21 0 1 2 22 23 3 4 5 6 7 24 25 8 9 10 11 26 32 
15 16 17 18 28 29 21 0 1 2 22 31 3 4 5 6 7 24 25 8 9 10 11 26 30 
15 16 17 18 19 20 21 0 1 2 22 23 3 4 5 6 7 24 25 8 9 10 11 26 30 
15 16 17 18 19 20 21 0 1 2 22 23 3 4 5 13 14 24 25 8 9 10 11 26 30 
15 16 17 18 19 20 21 0 1 2 22 23 3 4 5 13 14 24 25 8 9 10 11 26 32 
15 16 17 18 19 20 21 0 1 2 22 31 3 4 5 13 14 24 25 8 9 10 11 26 32 
15 16 17 18 19 20 21 0 1 2 22 31 3 4 5 13 14 24 25 8 9 10 11 26 30 
15 16 17 18 19 20 21 0 1 2 22 23 3 4 5 13 14 24 25 8 9 10 11 26 27 

0 1 2 3 4 5 6 7 8 9 10 11 12 13 14 15 16 17 
0 1 2 3 4 5 6 7 8 9 10 11 12 13 14 18 19 17 
0 1 2 3 20 21 6 7 8 9 10 11 12 13 14 18 19 17 
0 1 2 3 20 21 6 7 8 9 10 11 12 13 14 15 16 17 
0 1 2 22 20 21 6 7 8 9 23 24 12 13 14 15 16 25 26 27 17 
0 1 2 22 4 5 6 7 8 9 23 28 12 13 14 18 19 25 26 27 17 
0 1 2 22 4 5 6 7 8 9 23 24 12 13 14 18 19 25 26 27 17 
0 1 2 22 4 5 6 7 8 9 23 24 12 13 14 15 16 25 26 27 17 
0 1 2 22 20 21 6 7 8 9 23 24 12 13 14 18 19 25 26 27 17 
0 1 2 22 4 5 6 7 8 9 23 28 12 13 14 15 16 25 26 27 17 
0 1 2 22 20 21 6 7 8 9 23 28 12 13 14 18 19 25 26 27 17 
0 1 2 22 20 21 6 7 8 9 23 28 12 13 14 15 16 25 26 27 17 

0 1 2 3 4 5 6 7 8 9 10 11 12 13 14 15 16 
0 1 2 3 4 5 6 7 8 9 10 11 12 13 14 17 18 
0 1 2 3 19 20 6 7 8 9 10 11 12 13 14 15 16 
0 1 2 3 19 20 6 7 8 9 10 11 12 13 14 17 18 
0 1 2 21 19 20 6 7 8 9 22 23 12 13 14 17 18 24 25 26 
0 1 2 21 19 20 6 7 8 9 22 23 12 13 14 15 16 24 25 26 
0 1 2 21 4 5 6 7 8 9 22 23 12 13 14 17 18 24 25 26 
0 1 2 21 4 5 6 7 8 9 22 23 12 13 14 15 16 24 25 26 
0 1 2 21 19 20 6 7 8 9 22 27 12 13 14 17 18 24 25 26 
0 1 2 21 4 5 6 7 8 9 22 27 12 13 14 15 16 24 25 26 
0 1 2 21 4 5 6 7 8 9 22 27 12 13 14 17 18 24 25 26 
0 1 2 21 19 20 6 7 8 9 22 27 12 13 14 15 16 24 25 26 

0 1 2 3 4 5 6 7 8 9 10 11 12 
0 1 2 3 4 5 13 14 8 9 10 11 12 
15 16 17 18 19 20 21 0 1 2 22 23 3 4 5 13 14 24 25 8 9 10 11 26 27 
15 16 17 18 19 20 21 0 1 2 22 28 3 4 5 13 14 24 25 8 9 10 11 26 27 
15 16 17 18 19 20 21 0 1 2 22 28 3 4 5 13 14 24 25 8 9 10 11 26 29 
15 16 17 18 30 31 21 0 1 2 22 28 3 4 5 13 14 24 25 8 9 10 11 26 29 
15 16 17 18 30 31 21 0 1 2 22 23 3 4 5 6 7 24 25 8 9 10 11 26 29 
15 16 17 18 30 31 21 0 1 2 22 23 3 4 5 6 7 24 25 8 9 10 11 26 32 
15 16 17 18 19 20 21 0 1 2 22 28 3 4 5 6 7 24 25 8 9 10 11 26 32 
15 16 17 18 30 31 21 0 1 2 22 23 3 4 5 13 14 24 25 8 9 10 11 26 29 
15 16 17 18 19 20 21 0 1 2 22 23 3 4 5 13 14 24 25 8 9 10 11 26 29 
15 16 17 18 30 31 21 0 1 2 22 28 3 4 5 6 7 24 25 8 9 10 11 26 32 
15 16 17 18 30 31 21 0 1 2 22 28 3 4 5 6 7 24 25 8 9 10 11 26 29 
15 16 17 18 19 20 21 0 1 2 22 23 3 4 5 13 14 24 25 8 9 10 11 26 32 
15 16 17 18 30 31 21 0 1 2 22 28 3 4 5 13 14 24 25 8 9 10 11 26 32 
15 16 17 18 30 31 21 0 1 2 22 23 3 4 5 13 14 24 25 8 9 10 11 26 32 
15 16 17 18 19 20 21 0 1 2 22 28 3 4 5 13 14 24 25 8 9 10 11 26 32 
15 16 17 18 19 20 21 0 1 2 22 23 3 4 5 6 7 24 25 8 9 10 11 26 27 
15 16 17 18 30 31 21 0 1 2 22 23 3 4 5 13 14 24 25 8 9 10 11 26 27 
15 16 17 18 19 20 21 0 1 2 22 23 3 4 5 6 7 24 25 8 9 10 11 26 29 
15 16 17 18 30 31 21 0 1 2 22 23 3 4 5 6 7 24 25 8 9 10 11 26 27 
15 16 17 18 19 20 21 0 1 2 22 23 3 4 5 6 7 24 25 8 9 10 11 26 32 
15 16 17 18 19 20 21 0 1 2 22 28 3 4 5 6 7 24 25 8 9 10 11 26 29 
15 16 17 18 30 31 21 0 1 2 22 28 3 4 5 6 7 24 25 8 9 10 11 26 27 
15 16 17 18 30 31 21 0 1 2 22 28 3 4 5 13 14 24 25 8 9 10 11 26 27 
15 16 17 18 19 20 21 0 1 2 22 28 3 4 5 6 7 24 25 8 9 10 11 26 27 

0 1 2 3 4 5 6 7 8 9 10 11 12 
0 1 2 3 4 5 13 14 8 9 10 11 12 
15 16 17 18 19 20 21 0 1 2 22 23 3 4 5 13 14 24 25 8 9 10 11 26 27 
15 16 17 18 19 20 21 0 1 2 22 28 3 4 5 6 7 24 25 8 9 10 11 26 29 
15 16 17 18 30 31 21 0 1 2 22 28 3 4 5 6 7 24 25 8 9 10 11 26 29 
15 16 17 18 19 20 21 0 1 2 22 23 3 4 5 13 14 24 25 8 9 10 11 26 29 
15 16 17 18 30 31 21 0 1 2 22 23 3 4 5 13 14 24 25 8 9 10 11 26 29 
15 16 17 18 19 20 21 0 1 2 22 28 3 4 5 6 7 24 25 8 9 10 11 26 32 
15 16 17 18 19 20 21 0 1 2 22 28 3 4 5 13 14 24 25 8 9 10 11 26 29 
15 16 17 18 30 31 21 0 1 2 22 28 3 4 5 13 14 24 25 8 9 10 11 26 32 
15 16 17 18 30 31 21 0 1 2 22 23 3 4 5 6 7 24 25 8 9 10 11 26 29 
15 16 17 18 19 20 21 0 1 2 22 28 3 4 5 13 14 24 25 8 9 10 11 26 32 
15 16 17 18 19 20 21 0 1 2 22 23 3 4 5 6 7 24 25 8 9 10 11 26 29 
15 16 17 18 30 31 21 0 1 2 22 23 3 4 5 13 14 24 25 8 9 10 11 26 27 
15 16 17 18 30 31 21 0 1 2 22 28 3 4 5 13 14 24 25 8 9 10 11 26 29 
15 16 17 18 30 31 21 0 1 2 22 23 3 4 5 6 7 24 25 8 9 10 11 26 32 
15 16 17 18 30 31 21 0 1 2 22 23 3 4 5 13 14 24 25 8 9 10 11 26 32 
15 16 17 18 30 31 21 0 1 2 22 23 3 4 5 6 7 24 25 8 9 10 11 26 27 
15 16 17 18 19 20 21 0 1 2 22 28 3 4 5 6 7 24 25 8 9 10 11 26 27 
15 16 17 18 30 31 21 0 1 2 22 28 3 4 5 6 7 24 25 8 9 10 11 26 27 
15 16 17 18 19 20 21 0 1 2 22 23 3 4 5 13 14 24 25 8 9 10 11 26 32 
15 16 17 18 30 31 21 0 1 2 22 28 3 4 5 13 14 24 25 8 9 10 11 26 27 
15 16 17 18 19 20 21 0 1 2 22 23 3 4 5 6 7 24 25 8 9 10 11 26 32 
15 16 17 18 30 31 21 0 1 2 22 28 3 4 5 6 7 24 25 8 9 10 11 26 32 
15 16 17 18 19 20 21 0 1 2 22 23 3 4 5 6 7 24 25 8 9 10 11 26 27 
15 16 17 18 19 20 21 0 1 2 22 28 3 4 5 13 14 24 25 8 9 10 11 26 27 

0 1 2 3 4 5 6 7 8 9 10 11 12 13 14 15 16 17 
0 1 2 3 18 19 6 7 8 9 10 11 12 13 14 20 21 17 
0 1 2 3 4 5 6 7 8 9 10 11 12 13 14 20 21 17 
0 1 2 3 18 19 6 7 8 9 10 11 12 13 14 15 16 17 
0 1 2 22 4 5 6 7 8 9 23 24 12 13 14 20 21 25 26 27 17 
0 1 2 22 18 19 6 7 8 9 23 24 12 13 14 15 16 25 26 27 17 
0 1 2 22 18 19 6 7 8 9 23 28 12 13 14 15 16 25 26 27 17 
0 1 2 22 18 19 6 7 8 9 23 28 12 13 14 20 21 25 26 27 17 
0 1 2 22 18 19 6 7 8 9 23 24 12 13 14 20 21 25 26 27 17 
0 1 2 22 4 5 6 7 8 9 23 28 12 13 14 15 16 25 26 27 17 
0 1 2 22 4 5 6 7 8 9 23 24 12 13 14 15 16 25 26 27 17 
0 1 2 22 4 5 6 7 8 9 23 28 12 13 14 20 21 25 26 27 17 

0 1 2 3 4 5 6 7 8 9 10 11 12 13 14 15 16 
0 1 2 3 17 18 6 7 8 9 10 11 12 13 14 19 20 
0 1 2 3 17 18 6 7 8 9 10 11 12 13 14 15 16 
0 1 2 3 4 5 6 7 8 9 10 11 12 13 14 19 20 
0 1 2 21 17 18 6 7 8 9 22 23 12 13 14 19 20 24 25 26 
0 1 2 21 4 5 6 7 8 9 22 27 12 13 14 19 20 24 25 26 
0 1 2 21 4 5 6 7 8 9 22 27 12 13 14 15 16 24 25 26 
0 1 2 21 17 18 6 7 8 9 22 27 12 13 14 15 16 24 25 26 
0 1 2 21 4 5 6 7 8 9 22 23 12 13 14 19 20 24 25 26 
0 1 2 21 17 18 6 7 8 9 22 27 12 13 14 19 20 24 25 26 
0 1 2 21 17 18 6 7 8 9 22 23 12 13 14 15 16 24 25 26 
0 1 2 21 4 5 6 7 8 9 22 23 12 13 14 15 16 24 25 26 

0 1 2 3 4 5 6 7 8 9 10 11 12 
0 1 2 3 4 5 13 14 8 9 10 11 12 
15 16 17 18 19 20 21 0 1 2 22 23 3 4 5 6 7 24 25 8 9 10 11 26 27 
15 16 17 18 19 20 21 0 1 2 22 28 3 4 5 6 7 24 25 8 9 10 11 26 29 
15 16 17 18 30 31 21 0 1 2 22 28 3 4 5 13 14 24 25 8 9 10 11 26 27 
15 16 17 18 19 20 21 0 1 2 22 28 3 4 5 13 14 24 25 8 9 10 11 26 27 
15 16 17 18 19 20 21 0 1 2 22 28 3 4 5 6 7 24 25 8 9 10 11 26 27 
15 16 17 18 19 20 21 0 1 2 22 23 3 4 5 13 14 24 25 8 9 10 11 26 32 
15 16 17 18 30 31 21 0 1 2 22 23 3 4 5 6 7 24 25 8 9 10 11 26 27 
15 16 17 18 30 31 21 0 1 2 22 23 3 4 5 13 14 24 25 8 9 10 11 26 29 
15 16 17 18 30 31 21 0 1 2 22 23 3 4 5 6 7 24 25 8 9 10 11 26 32 
15 16 17 18 19 20 21 0 1 2 22 23 3 4 5 13 14 24 25 8 9 10 11 26 27 
15 16 17 18 30 31 21 0 1 2 22 23 3 4 5 13 14 24 25 8 9 10 11 26 27 
15 16 17 18 30 31 21 0 1 2 22 28 3 4 5 6 7 24 25 8 9 10 11 26 27 
15 16 17 18 30 31 21 0 1 2 22 28 3 4 5 13 14 24 25 8 9 10 11 26 32 
15 16 17 18 19 20 21 0 1 2 22 23 3 4 5 13 14 24 25 8 9 10 11 26 29 
15 16 17 18 19 20 21 0 1 2 22 28 3 4 5 13 14 24 25 8 9 10 11 26 29 
15 16 17 18 30 31 21 0 1 2 22 28 3 4 5 6 7 24 25 8 9 10 11 26 29 
15 16 17 18 30 31 21 0 1 2 22 23 3 4 5 6 7 24 25 8 9 10 11 26 29 
15 16 17 18 19 20 21 0 1 2 22 28 3 4 5 6 7 24 25 8 9 10 11 26 32 
15 16 17 18 19 20 21 0 1 2 22 23 3 4 5 6 7 24 25 8 9 10 11 26 29 
15 16 17 18 30 31 21 0 1 2 22 28 3 4 5 13 14 24 25 8 9 10 11 26 29 
15 16 17 18 19 20 21 0 1 2 22 23 3 4 5 6 7 24 25 8 9 10 11 26 32 
15 16 17 18 19 20 21 0 1 2 22 28 3 4 5 13 14 24 25 8 9 10 11 26 32 
15 16 17 18 30 31 21 0 1 2 22 23 3 4 5 13 14 24 25 8 9 10 11 26 32 
15 16 17 18 30 31 21 0 1 2 22 28 3 4 5 6 7 24 25 8 9 10 11 26 32 

0 1 2 3 4 5 6 7 8 9 10 11 
0 1 2 3 4 5 12 13 8 9 10 11 
14 15 16 17 18 19 20 21 0 1 2 22 23 3 4 5 6 7 11 
14 15 16 17 18 19 20 21 0 1 2 22 23 3 4 5 12 13 11 
14 15 16 17 18 24 25 21 0 1 2 22 23 3 4 5 12 13 11 
14 15 16 17 18 24 25 21 0 1 2 22 23 3 4 5 6 7 11 
14 15 16 18 26 27 28 29 30 31 32 33 17 24 25 21 0 1 2 3 4 5 6 34 35 7 11 
14 15 16 18 26 27 28 29 30 31 32 36 3 17 24 25 21 0 1 2 4 5 6 34 35 7 11 
14 15 16 18 26 27 28 29 30 31 32 36 3 17 19 20 21 0 1 2 4 5 6 34 35 7 11 
14 15 16 18 26 27 28 29 30 31 32 33 17 19 20 21 0 1 2 3 4 5 6 34 35 7 11 
14 15 16 18 26 27 28 29 30 31 32 33 17 24 25 21 0 1 2 3 4 5 6 34 35 12 13 11 
14 15 16 18 26 27 28 29 30 31 32 33 17 19 20 21 0 1 2 3 4 5 6 34 35 12 13 11 
14 15 16 18 26 27 28 29 30 31 32 36 3 17 24 25 21 0 1 2 4 5 6 34 35 12 13 11 
14 15 16 18 26 27 28 29 30 31 32 36 3 17 19 20 21 0 1 2 4 5 6 34 35 12 13 11 

0 1 2 3 4 5 6 7 8 9 10 
0 1 2 3 4 5 11 12 8 9 10 
13 14 15 16 17 18 19 20 0 1 2 21 22 3 4 5 6 7 
13 14 15 16 17 23 24 20 0 1 2 21 22 3 4 5 6 7 
13 14 15 16 17 18 19 20 0 1 2 21 22 3 4 5 11 12 
13 14 15 16 17 23 24 20 0 1 2 21 22 3 4 5 11 12 
13 14 15 17 25 26 27 28 29 30 31 32 3 16 18 19 20 0 1 2 4 5 11 33 34 12 
13 14 15 17 25 26 27 28 29 30 31 35 16 18 19 20 0 1 2 3 4 5 11 33 34 12 
13 14 15 17 25 26 27 28 29 30 31 35 16 23 24 20 0 1 2 3 4 5 11 33 34 12 
13 14 15 17 25 26 27 28 29 30 31 32 3 16 23 24 20 0 1 2 4 5 11 33 34 12 
13 14 15 17 25 26 27 28 29 30 31 35 16 18 19 20 0 1 2 3 4 5 11 33 34 6 7 
13 14 15 17 25 26 27 28 29 30 31 32 3 16 18 19 20 0 1 2 4 5 11 33 34 6 7 
13 14 15 17 25 26 27 28 29 30 31 35 16 23 24 20 0 1 2 3 4 5 11 33 34 6 7 
13 14 15 17 25 26 27 28 29 30 31 32 3 16 23 24 20 0 1 2 4 5 11 33 34 6 7 

0 1 2 3 4 5 6 7 8 9 10 11 12 13 14 15 16 17 18 
0 1 2 3 4 5 19 7 8 9 10 20 12 13 14 15 16 17 18 
0 1 2 3 4 5 19 7 8 9 10 11 12 13 14 15 16 17 18 
0 1 2 3 4 5 6 7 8 9 10 20 12 13 14 15 16 17 18 
0 1 18 9 21 6 7 8 22 23 24 25 26 27 10 11 16 12 13 14 15 17 
0 1 19 18 9 21 7 8 22 23 24 25 26 27 10 20 16 12 13 14 15 17 
12 13 16 18 9 21 0 1 6 7 8 23 28 24 25 26 27 10 11 14 15 17 
0 1 19 18 9 21 7 8 22 23 24 25 26 27 10 11 16 12 13 14 15 17 
0 1 18 9 21 6 7 8 22 23 24 25 26 27 10 20 16 12 13 14 15 17 
12 13 16 18 9 21 0 1 6 7 8 23 28 24 25 26 27 10 20 14 15 17 
12 13 16 18 9 21 0 1 19 7 8 23 28 24 25 26 27 10 11 14 15 17 
12 13 16 18 9 21 0 1 19 7 8 23 28 24 25 26 27 10 20 14 15 17 

0 1 2 3 4 5 6 7 8 9 10 11 
0 1 2 3 4 5 12 13 8 9 10 11 
14 15 16 17 18 0 1 2 19 20 3 4 5 12 13 11 
14 15 16 17 18 0 1 2 19 20 3 4 5 6 7 11 
21 22 16 17 18 23 24 25 0 1 2 19 20 3 4 5 6 7 11 
21 22 16 17 18 23 24 25 0 1 2 19 20 3 4 5 12 13 11 
21 22 16 17 18 26 27 25 0 1 2 19 20 3 4 5 12 13 11 
21 22 16 17 18 26 27 25 0 1 2 19 20 3 4 5 6 7 11 
14 15 16 18 28 29 30 31 1 2 3 32 33 34 17 0 4 5 12 35 36 13 11 
14 15 16 18 28 29 30 31 1 2 3 32 33 34 17 0 4 5 12 35 36 6 7 11 
37 38 39 2 3 32 33 40 14 15 16 18 28 29 30 17 0 1 4 5 12 35 36 13 11 
37 38 39 2 3 32 33 40 14 15 16 18 28 29 30 17 0 1 4 5 12 35 36 6 7 11 
41 42 43 23 24 25 32 33 0 40 44 37 38 39 45 46 22 16 17 18 1 2 19 20 3 4 5 6 7 11 
41 42 43 23 24 25 32 33 0 40 44 37 38 39 45 46 22 16 17 18 1 2 19 20 3 4 5 12 13 11 
41 42 43 27 26 25 32 33 0 40 44 37 38 39 45 46 22 16 17 18 1 2 19 20 3 4 5 6 7 11 
41 42 43 27 26 25 32 33 0 40 44 37 38 39 45 46 22 16 17 18 1 2 19 20 3 4 5 12 13 11 

0 1 2 3 4 5 6 7 8 9 10 11 12 13 14 15 16 17 18 19 20 21 22 23 24 
0 25 2 3 4 5 26 7 8 9 10 11 12 13 14 15 16 17 18 19 20 21 22 23 24 
0 27 2 3 4 5 28 7 8 9 10 11 12 13 14 15 16 17 18 19 20 21 22 23 24 
29 30 31 32 33 34 35 14 36 37 8 9 10 11 12 13 15 16 17 18 19 20 21 22 23 24 
29 30 38 39 40 41 42 43 44 45 8 31 32 33 46 47 48 14 36 37 9 49 50 10 11 12 13 15 16 17 18 19 20 21 22 23 24 
29 30 38 39 40 41 42 43 44 45 8 31 32 33 46 47 48 14 36 37 9 51 52 35 10 11 12 13 15 16 17 18 19 20 21 22 23 24 
38 53 41 42 43 44 45 29 30 8 54 55 31 32 33 46 47 48 49 50 14 36 37 9 10 11 12 13 15 16 17 18 19 20 21 22 23 24 
56 54 41 42 43 44 45 29 30 8 57 55 31 32 33 46 47 48 49 50 14 36 37 9 10 11 12 13 15 16 17 18 19 20 21 22 23 24 
29 30 8 54 38 53 55 41 58 59 42 44 45 31 32 33 46 47 48 49 50 14 36 37 9 10 11 12 13 15 16 17 18 19 20 21 22 23 24 
29 30 8 54 57 55 56 41 58 59 42 44 45 31 32 33 46 47 48 49 50 14 36 37 9 10 11 12 13 15 16 17 18 19 20 21 22 23 24 
38 53 41 42 43 44 45 29 30 8 54 55 31 32 33 46 47 48 51 52 35 14 36 37 9 10 11 12 13 15 16 17 18 19 20 21 22 23 24 
56 54 41 42 43 44 45 29 30 8 57 55 31 32 33 46 47 48 51 52 35 14 36 37 9 10 11 12 13 15 16 17 18 19 20 21 22 23 24 
29 30 38 39 40 8 41 58 59 42 55 44 45 31 32 33 46 47 48 49 50 14 36 37 9 10 11 12 13 15 16 17 18 19 20 21 22 23 24 
29 30 38 39 40 8 41 58 59 42 55 44 45 31 32 33 46 47 48 51 52 35 14 36 37 9 10 11 12 13 15 16 17 18 19 20 21 22 23 24 
29 30 8 54 38 53 55 41 58 59 42 44 45 31 32 33 46 47 48 51 52 35 14 36 37 9 10 11 12 13 15 16 17 18 19 20 21 22 23 24 
29 30 8 54 57 55 56 41 58 59 42 44 45 31 32 33 46 47 48 51 52 35 14 36 37 9 10 11 12 13 15 16 17 18 19 20 21 22 23 24 

0 1 2 3 4 5 6 7 8 9 10 11 12 13 14 15 16 17 18 19 20 21 22 23 24 25 26 
0 27 2 3 4 5 28 7 8 9 10 11 12 13 14 15 16 17 18 19 20 21 22 23 24 25 26 
0 29 2 3 4 5 30 7 8 9 10 11 12 13 14 15 16 17 18 19 20 21 22 23 24 25 26 
31 32 33 34 35 36 37 16 38 39 8 9 10 11 12 13 14 15 17 18 19 20 21 22 23 24 25 26 
31 32 40 41 42 43 44 45 46 47 8 33 34 35 48 49 50 16 38 39 9 51 52 10 11 12 13 14 15 17 18 19 20 21 22 23 24 25 26 
40 53 43 44 45 46 47 31 32 8 54 55 33 34 35 48 49 50 51 52 16 38 39 9 10 11 12 13 14 15 17 18 19 20 21 22 23 24 25 26 
31 32 40 41 42 43 44 45 46 47 8 33 34 35 48 49 50 16 38 39 9 56 57 37 10 11 12 13 14 15 17 18 19 20 21 22 23 24 25 26 
58 54 43 44 45 46 47 31 32 8 59 55 33 34 35 48 49 50 51 52 16 38 39 9 10 11 12 13 14 15 17 18 19 20 21 22 23 24 25 26 
31 32 8 54 40 53 55 43 60 61 44 46 47 33 34 35 48 49 50 51 52 16 38 39 9 10 11 12 13 14 15 17 18 19 20 21 22 23 24 25 26 
40 53 43 44 45 46 47 31 32 8 54 55 33 34 35 48 49 50 56 57 37 16 38 39 9 10 11 12 13 14 15 17 18 19 20 21 22 23 24 25 26 
31 32 8 54 59 55 58 43 60 61 44 46 47 33 34 35 48 49 50 51 52 16 38 39 9 10 11 12 13 14 15 17 18 19 20 21 22 23 24 25 26 
31 32 40 41 42 8 43 60 61 44 55 46 47 33 34 35 48 49 50 51 52 16 38 39 9 10 11 12 13 14 15 17 18 19 20 21 22 23 24 25 26 
58 54 43 44 45 46 47 31 32 8 59 55 33 34 35 48 49 50 56 57 37 16 38 39 9 10 11 12 13 14 15 17 18 19 20 21 22 23 24 25 26 
31 32 8 54 40 53 55 43 60 61 44 46 47 33 34 35 48 49 50 56 57 37 16 38 39 9 10 11 12 13 14 15 17 18 19 20 21 22 23 24 25 26 
31 32 8 54 59 55 58 43 60 61 44 46 47 33 34 35 48 49 50 56 57 37 16 38 39 9 10 11 12 13 14 15 17 18 19 20 21 22 23 24 25 26 
31 32 40 41 42 8 43 60 61 44 55 46 47 33 34 35 48 49 50 56 57 37 16 38 39 9 10 11 12 13 14 15 17 18 19 20 21 22 23 24 25 26 

0 1 2 3 4 5 6 7 8 9 10 11 12 13 14 
0 1 2 3 4 5 6 7 8 9 15 11 12 13 14 
5 6 7 8 16 1 2 3 4 9 15 12 13 11 17 14 
5 6 7 8 16 1 2 3 4 9 10 12 13 11 17 14 
18 1 2 3 4 5 6 7 8 9 15 12 13 11 19 14 
18 1 2 3 4 5 6 7 8 9 10 12 13 11 19 14 
20 1 2 3 4 5 6 7 8 9 10 12 13 11 19 14 21 
20 1 2 3 4 5 6 7 8 9 15 12 13 11 19 14 21 
22 1 2 3 4 5 6 7 8 9 15 12 13 11 17 14 23 24 
22 1 2 3 4 5 6 7 8 9 10 12 13 11 17 14 23 24 
25 26 8 5 6 7 1 2 3 4 9 15 12 13 11 17 14 23 24 27 28 29 30 
25 26 8 5 6 7 1 2 3 4 9 10 12 13 11 17 14 23 24 27 28 29 30 
25 26 8 28 31 32 29 7 33 5 6 34 35 36 9 15 24 17 23 27 11 12 13 14 
25 26 8 28 31 32 29 7 33 5 6 34 35 36 9 10 24 17 23 27 11 12 13 14 
12 13 11 17 7 14 23 24 27 28 31 32 29 25 26 8 5 6 1 2 3 4 9 10 
12 13 11 17 7 14 23 24 27 28 31 32 29 25 26 8 5 6 1 2 3 4 9 15 
25 26 8 5 6 7 37 38 2 3 4 9 15 12 13 11 17 14 23 24 27 28 29 30 
12 13 11 17 7 14 23 24 27 28 29 30 39 40 26 1 2 3 4 8 5 6 9 15 
25 26 8 5 6 7 37 38 2 3 4 9 10 12 13 11 17 14 23 24 27 28 29 30 
12 13 11 17 7 14 23 24 27 28 29 30 39 40 26 1 2 3 4 8 5 6 9 10 
31 32 29 28 39 7 33 40 26 8 5 6 34 35 36 9 10 24 17 23 27 11 12 13 14 
31 32 29 28 39 7 33 40 26 8 5 6 34 35 36 9 15 24 17 23 27 11 12 13 14 
25 26 8 5 6 7 37 38 2 3 4 9 15 12 13 11 17 14 23 24 27 28 31 32 29 
12 13 11 17 7 14 23 24 27 28 31 32 29 39 40 26 1 2 3 4 8 5 6 9 15 
12 13 11 17 7 14 23 24 27 28 31 32 29 39 40 26 1 2 3 4 8 5 6 9 10 
25 26 8 5 6 7 37 38 2 3 4 9 10 12 13 11 17 14 23 24 27 28 31 32 29 
40 26 8 39 7 33 5 6 37 38 2 3 4 9 10 24 17 23 27 28 29 30 11 12 13 14 
40 26 8 39 7 33 5 6 37 38 2 3 4 9 15 24 17 23 27 28 29 30 11 12 13 14 
40 26 8 39 7 33 5 6 37 38 2 3 4 9 15 24 17 23 27 28 31 32 29 11 12 13 14 
40 26 8 39 7 33 5 6 37 38 2 3 4 9 10 24 17 23 27 28 31 32 29 11 12 13 14 

0 1 2 3 4 5 
6 1 7 5 2 3 4 8 
1 9 10 5 2 3 4 8 
7 5 11 8 12 1 2 3 4 
5 13 10 14 8 15 1 2 3 4 
5 13 10 14 8 16 17 18 19 20 21 1 2 3 4 
5 13 10 14 8 16 17 22 23 18 20 21 1 2 3 4 
5 13 10 14 8 16 17 18 19 24 25 21 1 2 3 4 
5 13 10 14 8 16 17 22 23 18 24 25 21 1 2 3 4 

0 1 2 3 4 5 6 7 8 9 10 11 12 13 
0 1 2 3 4 5 6 7 8 9 14 11 12 13 
15 1 2 3 4 5 6 7 8 9 14 16 11 12 13 17 
5 6 7 8 18 1 2 3 4 9 14 19 11 12 13 17 
15 1 2 3 4 5 6 7 8 9 10 16 11 12 13 17 
5 6 7 8 18 1 2 3 4 9 10 19 11 12 13 17 
20 1 2 3 4 5 6 7 8 9 14 16 21 17 11 12 13 
20 1 2 3 4 5 6 7 8 9 10 16 21 17 11 12 13 
22 1 2 3 4 5 6 7 8 9 14 23 19 24 17 11 12 13 
22 1 2 3 4 5 6 7 8 9 10 23 19 24 17 11 12 13 
25 26 8 27 28 29 30 7 17 5 6 31 32 33 9 14 23 19 24 34 11 12 13 
25 26 8 27 28 29 30 7 17 5 6 31 32 33 9 10 23 19 24 34 11 12 13 
25 26 8 5 6 7 1 2 3 4 9 14 23 19 24 17 34 27 30 35 11 12 13 
25 26 8 5 6 7 1 2 3 4 9 10 23 19 24 17 34 27 30 35 11 12 13 
36 26 1 2 3 4 8 5 6 7 9 10 23 19 24 17 34 27 30 35 37 11 12 13 
36 26 1 2 3 4 8 5 6 7 9 14 23 19 24 17 34 27 30 35 37 11 12 13 
25 26 8 5 6 7 1 2 3 4 9 14 23 19 24 17 34 27 28 29 30 11 12 13 
25 26 8 5 6 7 38 39 2 3 4 9 10 23 19 24 17 34 27 30 35 11 12 13 
28 29 30 27 37 7 17 36 26 8 5 6 31 32 33 9 10 23 19 24 34 11 12 13 
25 26 8 5 6 7 38 39 2 3 4 9 14 23 19 24 17 34 27 30 35 11 12 13 
25 26 8 5 6 7 1 2 3 4 9 10 23 19 24 17 34 27 28 29 30 11 12 13 
28 29 30 27 37 7 17 36 26 8 5 6 31 32 33 9 14 23 19 24 34 11 12 13 
25 26 8 5 6 7 38 39 2 3 4 9 10 23 19 24 17 34 27 28 29 30 11 12 13 
36 26 1 2 3 4 8 5 6 7 9 10 23 19 24 17 34 27 28 29 30 37 11 12 13 
36 26 8 37 7 17 5 6 38 39 2 3 4 9 14 23 19 24 34 27 30 35 11 12 13 
25 26 8 5 6 7 38 39 2 3 4 9 14 23 19 24 17 34 27 28 29 30 11 12 13 
36 26 1 2 3 4 8 5 6 7 9 14 23 19 24 17 34 27 28 29 30 37 11 12 13 
36 26 8 37 7 17 5 6 38 39 2 3 4 9 10 23 19 24 34 27 30 35 11 12 13 
36 26 8 37 7 17 5 6 38 39 2 3 4 9 10 23 19 24 34 27 28 29 30 11 12 13 
36 26 8 37 7 17 5 6 38 39 2 3 4 9 14 23 19 24 34 27 28 29 30 11 12 13 

0 1 2 3 4 5 6 7 8 9 10 11 12 13 14 15 16 17 18 19 20 21 
22 23 3 1 0 7 2 24 5 6 8 9 10 11 12 13 14 15 16 17 18 19 20 21 
0 1 2 3 4 7 25 26 27 28 24 8 9 10 11 12 13 14 15 16 17 18 19 20 21 
2 29 30 31 5 1 0 7 4 24 6 8 9 10 11 12 13 14 15 16 17 18 19 20 21 
2 29 30 31 1 0 7 24 5 22 23 6 8 9 10 11 12 13 14 15 16 17 18 19 20 21 
22 23 3 1 0 7 2 24 25 26 27 28 8 9 10 11 12 13 14 15 16 17 18 19 20 21 
2 29 30 31 1 0 7 24 25 26 27 28 8 9 10 11 12 13 14 15 16 17 18 19 20 21 
2 29 32 1 0 3 4 7 26 27 28 24 8 9 10 11 12 13 14 15 16 17 18 19 20 21 
22 23 3 1 0 7 2 29 32 24 26 27 28 8 9 10 11 12 13 14 15 16 17 18 19 20 21 

0 1 2 3 4 5 6 7 8 9 10 11 12 13 14 15 16 17 
10 4 5 2 3 6 0 1 18 8 9 11 12 13 14 15 16 17 
0 1 2 3 5 6 19 8 9 20 21 11 12 13 14 15 16 17 
21 20 5 2 3 6 0 1 18 8 9 11 12 13 14 22 23 17 
8 0 1 9 20 21 5 2 3 6 24 11 12 13 14 15 16 17 
0 1 2 3 5 6 19 8 9 20 21 11 12 13 14 22 23 17 
0 1 2 3 5 6 19 8 9 10 4 11 12 13 14 15 16 17 
21 20 5 2 3 6 0 1 18 8 9 11 12 13 14 15 16 17 
0 1 2 3 5 6 19 8 9 10 4 11 12 13 14 22 23 17 
10 4 5 2 3 6 0 1 18 8 9 11 12 13 14 22 23 17 
8 0 1 9 20 21 5 2 3 6 24 11 12 13 14 22 23 17 
0 1 2 3 4 5 6 7 8 9 10 11 12 13 14 22 23 17 
8 0 1 9 10 4 5 2 3 6 24 11 12 13 14 15 16 17 
0 1 2 3 21 5 6 25 8 9 20 11 12 13 14 15 16 17 
0 1 2 3 21 5 6 25 8 9 20 11 12 13 14 22 23 17 
8 0 1 9 10 4 5 2 3 6 24 11 12 13 14 22 23 17 

0 1 2 3 4 5 6 7 8 9 10 11 12 13 14 15 16 
6 7 3 4 1 2 5 17 9 0 10 11 12 13 14 15 16 
6 7 3 4 18 2 5 19 9 20 10 11 12 13 21 22 16 
18 20 2 3 4 5 6 7 8 9 10 11 12 13 14 15 16 
6 7 9 0 1 2 3 4 5 23 10 11 12 13 14 15 16 
6 7 3 4 2 5 24 9 20 18 10 11 12 13 14 15 16 
6 7 3 4 18 2 5 19 9 20 10 11 12 13 14 15 16 
6 7 9 0 1 2 3 4 5 23 10 11 12 13 21 22 16 
6 7 3 4 2 5 24 9 20 18 10 11 12 13 21 22 16 
18 20 2 3 4 5 6 7 8 9 10 11 12 13 21 22 16 
0 1 2 3 4 5 6 7 8 9 10 11 12 13 21 22 16 
6 7 3 4 1 2 5 17 9 0 10 11 12 13 21 22 16 
6 7 3 4 2 5 24 9 0 1 10 11 12 13 21 22 16 
6 7 9 20 18 2 3 4 5 23 10 11 12 13 21 22 16 
6 7 9 20 18 2 3 4 5 23 10 11 12 13 14 15 16 
6 7 3 4 2 5 24 9 0 1 10 11 12 13 14 15 16 

0 1 2 3 4 5 6 7 8 9 10 11 12 13 14 15 16 
1 2 7 8 6 9 17 0 3 18 19 11 12 13 14 15 16 
0 1 2 3 18 19 6 7 8 9 10 11 12 13 14 15 16 
1 2 7 8 5 6 9 20 0 3 4 11 12 13 14 15 16 
0 1 2 3 4 5 6 7 8 9 10 11 12 13 14 21 22 
1 2 7 8 19 6 9 23 0 3 18 11 12 13 14 21 22 
1 2 7 8 6 9 17 0 3 4 5 11 12 13 14 15 16 
1 2 7 8 5 6 9 20 0 3 4 11 12 13 14 21 22 
19 18 6 7 8 9 1 2 24 0 3 11 12 13 14 21 22 
0 1 2 3 18 19 6 7 8 9 10 11 12 13 14 21 22 
1 2 7 8 6 9 17 0 3 18 19 11 12 13 14 21 22 
1 2 7 8 6 9 17 0 3 4 5 11 12 13 14 21 22 
1 2 7 8 19 6 9 23 0 3 18 11 12 13 14 15 16 
19 18 6 7 8 9 1 2 24 0 3 11 12 13 14 15 16 
4 5 6 7 8 9 1 2 24 0 3 11 12 13 14 15 16 
4 5 6 7 8 9 1 2 24 0 3 11 12 13 14 21 22 

0 1 2 3 4 5 6 7 8 9 10 11 12 13 14 15 
8 9 4 2 3 5 0 1 16 7 10 11 12 13 17 18 
0 1 7 8 9 4 2 3 5 19 10 11 12 13 14 15 
0 1 2 3 4 5 6 7 8 9 10 11 12 13 17 18 
20 21 4 2 3 5 0 1 16 7 10 11 12 13 14 15 
0 1 2 3 20 4 5 22 7 21 10 11 12 13 17 18 
0 1 2 3 9 4 5 23 7 8 10 11 12 13 17 18 
0 1 2 3 9 4 5 23 7 8 10 11 12 13 14 15 
0 1 2 3 4 5 6 7 21 20 10 11 12 13 14 15 
8 9 4 2 3 5 0 1 16 7 10 11 12 13 14 15 
0 1 2 3 4 5 6 7 21 20 10 11 12 13 17 18 
0 1 7 8 9 4 2 3 5 19 10 11 12 13 17 18 
0 1 2 3 20 4 5 22 7 21 10 11 12 13 14 15 
20 21 4 2 3 5 0 1 16 7 10 11 12 13 17 18 
0 1 7 21 20 4 2 3 5 19 10 11 12 13 17 18 
0 1 7 21 20 4 2 3 5 19 10 11 12 13 14 15 

