0 1 2 3 4 5 6 7 8 
0 1 9 10 11 5 6 7 8 
0 1 9 10 11 5 12 13 8 
0 1 9 14 4 5 12 13 8 
0 1 2 3 4 5 12 13 8 
0 1 9 14 4 5 6 7 8 
0 1 2 15 16 11 5 12 13 8 
0 1 2 15 16 11 5 6 7 8 
0 1 17 18 19 16 11 5 6 7 8 
0 1 17 18 19 16 11 5 12 13 8 

0 1 2 3 4 5 6 7 
0 1 8 9 4 5 10 11 
0 1 2 3 4 5 10 11 
0 1 2 12 13 5 10 11 
0 1 2 12 13 5 6 7 
0 1 8 9 4 5 6 7 
0 1 8 14 15 13 5 10 11 
0 1 8 14 15 13 5 6 7 
0 1 16 17 18 15 13 5 10 11 
0 1 16 17 18 15 13 5 6 7 

0 1 2 3 4 5 6 7 
0 1 2 3 4 8 9 7 
0 1 10 11 4 8 9 7 
0 12 13 3 4 8 9 7 
0 1 10 11 4 5 6 7 
0 12 13 3 4 5 6 7 
0 12 14 15 11 4 8 9 7 
0 12 14 15 11 4 5 6 7 
0 16 17 18 19 15 11 4 8 9 7 
0 16 17 18 19 15 11 4 5 6 7 

0 1 2 3 4 5 6 
0 1 2 3 4 7 8 
0 1 9 10 4 7 8 
0 1 9 10 4 5 6 
0 11 12 3 4 7 8 
0 11 12 3 4 5 6 
0 11 13 14 10 4 7 8 
0 11 13 14 10 4 5 6 
0 15 16 17 18 14 10 4 7 8 
0 15 16 17 18 14 10 4 5 6 

0 1 2 3 4 5 6 7 8 9 10 
0 1 2 3 11 12 13 7 8 9 10 
0 1 2 3 4 14 13 7 15 16 10 
0 1 2 3 11 12 13 7 15 16 10 
0 1 2 3 4 5 6 7 15 16 10 
0 1 2 3 4 14 13 7 8 9 10 
0 1 2 3 11 17 18 6 7 8 9 10 
0 1 2 3 11 17 18 6 7 15 16 10 
0 1 2 3 19 20 21 22 18 6 7 8 9 10 
0 1 2 3 19 20 21 22 18 6 7 15 16 10 

0 1 2 3 4 5 6 7 8 9 
0 1 2 3 10 11 6 7 8 9 
0 1 2 3 4 5 6 7 12 13 
0 1 2 3 10 11 6 7 12 13 
0 1 2 3 4 14 15 7 12 13 
0 1 2 3 4 14 15 7 8 9 
0 1 2 3 10 16 17 15 7 8 9 
0 1 2 3 10 16 17 15 7 12 13 
0 1 2 3 18 19 20 21 17 15 7 8 9 
0 1 2 3 18 19 20 21 17 15 7 12 13 

0 1 2 3 4 5 6 7 8 
0 1 9 10 11 5 12 13 8 
0 1 2 14 11 5 6 7 8 
0 1 2 14 11 5 12 13 8 
0 1 9 10 11 5 6 7 8 
0 1 2 3 4 5 12 13 8 
0 1 9 15 16 4 5 6 7 8 
0 1 9 15 16 4 5 12 13 8 
0 1 17 18 19 16 4 5 12 13 8 
0 1 17 18 19 16 4 5 6 7 8 

0 1 2 3 4 5 6 7 
0 1 2 8 9 5 10 11 
0 1 12 13 4 5 10 11 
0 1 2 3 4 5 10 11 
0 1 12 13 4 5 6 7 
0 1 2 8 9 5 6 7 
0 1 12 14 15 9 5 10 11 
0 1 12 14 15 9 5 6 7 
0 1 16 17 18 15 9 5 10 11 
0 1 16 17 18 15 9 5 6 7 

0 1 2 3 4 5 6 7 8 
0 1 2 9 10 5 11 12 8 
0 1 13 14 10 5 11 12 8 
0 1 13 14 10 5 6 7 8 
0 1 2 3 4 5 11 12 8 
0 1 2 9 10 5 6 7 8 
0 1 13 15 16 4 5 6 7 8 
0 1 13 15 16 4 5 11 12 8 
0 1 17 18 19 16 4 5 6 7 8 
0 1 17 18 19 16 4 5 11 12 8 

0 1 2 3 4 5 6 7 
0 1 8 9 4 5 6 7 
0 1 2 3 4 5 10 11 
0 1 8 12 13 5 6 7 
0 1 8 12 13 5 10 11 
0 1 8 9 4 5 10 11 
0 1 2 14 15 13 5 10 11 
0 1 2 14 15 13 5 6 7 
0 1 16 17 18 15 13 5 10 11 
0 1 16 17 18 15 13 5 6 7 

0 1 2 3 4 5 6 7 8 9 10 11 
0 1 2 3 4 5 12 13 8 9 10 11 
0 1 2 3 4 5 12 13 8 14 15 11 
0 1 2 3 4 16 17 13 8 14 15 11 
0 1 2 3 4 16 17 13 8 9 10 11 
0 1 2 3 4 5 6 7 8 14 15 11 
0 1 2 3 4 16 18 19 7 8 9 10 11 
0 1 2 3 4 16 18 19 7 8 14 15 11 
0 1 2 3 4 20 21 22 23 19 7 8 14 15 11 
0 1 2 3 4 20 21 22 23 19 7 8 9 10 11 

0 1 2 3 4 5 6 7 8 9 10 
0 1 2 3 4 11 12 13 8 14 15 
0 1 2 3 4 5 6 7 8 14 15 
0 1 2 3 4 11 12 13 8 9 10 
0 1 2 3 4 11 16 7 8 14 15 
0 1 2 3 4 11 16 7 8 9 10 
0 1 2 3 4 5 17 18 13 8 14 15 
0 1 2 3 4 5 17 18 13 8 9 10 
0 1 2 3 4 19 20 21 22 18 13 8 14 15 
0 1 2 3 4 19 20 21 22 18 13 8 9 10 

0 1 2 3 4 5 6 7 8 9 10 
0 1 2 3 4 5 6 7 11 12 10 
0 1 2 3 13 14 15 7 11 12 10 
0 1 2 3 13 16 6 7 11 12 10 
0 1 2 3 13 14 15 7 8 9 10 
0 1 2 3 13 16 6 7 8 9 10 
0 1 2 3 4 17 18 15 7 8 9 10 
0 1 2 3 4 17 18 15 7 11 12 10 
0 1 2 3 19 20 21 22 18 15 7 8 9 10 
0 1 2 3 19 20 21 22 18 15 7 11 12 10 

0 1 2 3 4 5 6 7 8 9 
0 1 2 3 4 10 11 7 12 13 
0 1 2 3 4 10 11 7 8 9 
0 1 2 3 14 15 11 7 12 13 
0 1 2 3 14 15 11 7 8 9 
0 1 2 3 4 5 6 7 12 13 
0 1 2 3 14 16 17 6 7 12 13 
0 1 2 3 14 16 17 6 7 8 9 
0 1 2 3 18 19 20 21 17 6 7 8 9 
0 1 2 3 18 19 20 21 17 6 7 12 13 

0 1 2 3 4 5 6 7 8 9 10 
0 1 2 3 4 11 12 7 8 9 10 
0 1 2 3 13 14 12 7 8 9 10 
0 1 2 3 4 5 6 7 15 16 10 
0 1 2 3 4 11 12 7 15 16 10 
0 1 2 3 13 14 12 7 15 16 10 
0 1 2 3 13 17 18 6 7 8 9 10 
0 1 2 3 13 17 18 6 7 15 16 10 
0 1 2 3 19 20 21 22 18 6 7 15 16 10 
0 1 2 3 19 20 21 22 18 6 7 8 9 10 

0 1 2 3 4 5 6 7 8 9 
0 1 2 3 10 11 12 7 8 9 
0 1 2 3 10 13 6 7 14 15 
0 1 2 3 10 13 6 7 8 9 
0 1 2 3 4 5 6 7 14 15 
0 1 2 3 10 11 12 7 14 15 
0 1 2 3 4 16 17 12 7 8 9 
0 1 2 3 4 16 17 12 7 14 15 
0 1 2 3 18 19 20 21 17 12 7 8 9 
0 1 2 3 18 19 20 21 17 12 7 14 15 

0 1 2 3 4 5 6 7 8 9 
0 1 2 3 10 11 6 7 8 9 
0 1 2 3 10 11 6 12 13 9 
0 1 2 14 15 11 6 12 13 9 
0 1 2 3 4 5 6 12 13 9 
0 1 2 14 15 11 6 7 8 9 
0 1 2 14 16 17 5 6 12 13 9 
0 1 2 14 16 17 5 6 7 8 9 
0 1 2 18 19 20 17 5 6 7 8 9 
0 1 2 18 19 20 17 5 6 12 13 9 

0 1 2 3 4 5 6 7 8 
0 1 2 9 10 11 6 7 8 
0 1 2 9 10 11 6 12 13 
0 1 2 9 14 5 6 12 13 
0 1 2 9 14 5 6 7 8 
0 1 2 3 4 5 6 12 13 
0 1 2 3 15 16 11 6 12 13 
0 1 2 3 15 16 11 6 7 8 
0 1 2 17 18 19 16 11 6 7 8 
0 1 2 17 18 19 16 11 6 12 13 

0 1 2 3 4 5 6 7 8 9 
0 1 2 3 4 5 6 10 11 9 
0 1 2 3 12 13 6 7 8 9 
0 1 2 14 15 5 6 10 11 9 
0 1 2 3 12 13 6 10 11 9 
0 1 2 14 15 5 6 7 8 9 
0 1 2 14 16 17 13 6 7 8 9 
0 1 2 14 16 17 13 6 10 11 9 
0 1 2 18 19 20 21 17 13 6 7 8 9 
0 1 2 18 19 20 21 17 13 6 10 11 9 

0 1 2 3 4 5 6 7 8 
0 1 2 3 9 10 6 11 12 
0 1 2 3 4 5 6 11 12 
0 1 2 13 14 5 6 11 12 
0 1 2 3 9 10 6 7 8 
0 1 2 13 14 5 6 7 8 
0 1 2 13 15 16 10 6 7 8 
0 1 2 13 15 16 10 6 11 12 
0 1 2 17 18 19 20 16 10 6 7 8 
0 1 2 17 18 19 20 16 10 6 11 12 

0 1 2 3 4 5 6 7 8 9 
0 1 2 3 4 5 6 10 11 9 
0 1 2 3 12 13 6 7 8 9 
0 1 2 3 12 13 6 10 11 9 
0 1 2 14 15 13 6 7 8 9 
0 1 2 14 15 13 6 10 11 9 
0 1 2 14 16 17 5 6 7 8 9 
0 1 2 14 16 17 5 6 10 11 9 
0 1 2 18 19 20 21 17 5 6 10 11 9 
0 1 2 18 19 20 21 17 5 6 7 8 9 

0 1 2 3 4 5 6 7 8 
0 1 2 9 10 5 6 7 8 
0 1 2 3 11 12 6 7 8 
0 1 2 3 4 5 6 13 14 
0 1 2 9 10 5 6 13 14 
0 1 2 3 11 12 6 13 14 
0 1 2 9 15 16 12 6 7 8 
0 1 2 9 15 16 12 6 13 14 
0 1 2 17 18 19 20 16 12 6 13 14 
0 1 2 17 18 19 20 16 12 6 7 8 

0 1 2 3 4 5 6 7 8 9 10 
0 1 2 3 11 12 13 7 8 9 10 
0 1 2 3 11 12 13 7 14 15 10 
0 1 2 3 11 16 6 7 8 9 10 
0 1 2 3 11 16 6 7 14 15 10 
0 1 2 3 4 5 6 7 14 15 10 
0 1 2 3 4 17 18 13 7 14 15 10 
0 1 2 3 4 17 18 13 7 8 9 10 
0 1 2 3 19 20 21 22 18 13 7 14 15 10 
0 1 2 3 19 20 21 22 18 13 7 8 9 10 

0 1 2 3 4 5 6 7 8 9 
0 1 2 3 4 10 11 7 8 9 
0 1 2 3 12 13 6 7 8 9 
0 1 2 3 4 10 11 7 14 15 
0 1 2 3 4 5 6 7 14 15 
0 1 2 3 12 13 6 7 14 15 
0 1 2 3 12 16 17 11 7 8 9 
0 1 2 3 12 16 17 11 7 14 15 
0 1 2 3 18 19 20 21 17 11 7 14 15 
0 1 2 3 18 19 20 21 17 11 7 8 9 

0 1 2 3 4 5 6 7 8 9 
0 1 2 10 11 12 6 7 8 9 
0 1 2 10 11 12 6 13 14 9 
0 1 2 3 4 5 6 13 14 9 
0 1 2 10 15 5 6 7 8 9 
0 1 2 10 15 5 6 13 14 9 
0 1 2 3 16 17 12 6 13 14 9 
0 1 2 3 16 17 12 6 7 8 9 
0 1 2 18 19 20 17 12 6 13 14 9 
0 1 2 18 19 20 17 12 6 7 8 9 

0 1 2 3 4 5 6 7 8 
0 1 2 3 4 5 6 9 10 
0 1 2 11 12 5 6 9 10 
0 1 2 11 12 5 6 7 8 
0 1 2 11 13 14 6 7 8 
0 1 2 11 13 14 6 9 10 
0 1 2 3 15 16 14 6 9 10 
0 1 2 3 15 16 14 6 7 8 
0 1 2 17 18 19 16 14 6 9 10 
0 1 2 17 18 19 16 14 6 7 8 

0 1 2 3 4 5 6 7 8 9 10 
0 1 2 3 4 5 6 7 11 12 10 
0 1 2 3 13 14 6 7 11 12 10 
0 1 2 3 13 15 16 7 11 12 10 
0 1 2 3 13 14 6 7 8 9 10 
0 1 2 3 13 15 16 7 8 9 10 
0 1 2 3 4 17 18 16 7 8 9 10 
0 1 2 3 4 17 18 16 7 11 12 10 
0 1 2 3 19 20 21 22 18 16 7 11 12 10 
0 1 2 3 19 20 21 22 18 16 7 8 9 10 

0 1 2 3 4 5 6 7 8 9 
0 1 2 3 10 11 6 7 8 9 
0 1 2 3 4 5 6 7 12 13 
0 1 2 3 10 14 15 7 12 13 
0 1 2 3 10 14 15 7 8 9 
0 1 2 3 10 11 6 7 12 13 
0 1 2 3 4 16 17 15 7 12 13 
0 1 2 3 4 16 17 15 7 8 9 
0 1 2 3 18 19 20 21 17 15 7 12 13 
0 1 2 3 18 19 20 21 17 15 7 8 9 

0 1 2 3 4 5 6 7 8 9 
0 1 2 3 4 5 6 10 11 9 
0 1 2 12 13 5 6 7 8 9 
0 1 2 12 14 15 6 10 11 9 
0 1 2 12 14 15 6 7 8 9 
0 1 2 12 13 5 6 10 11 9 
0 1 2 3 16 17 15 6 10 11 9 
0 1 2 3 16 17 15 6 7 8 9 
0 1 2 18 19 20 21 17 15 6 10 11 9 
0 1 2 18 19 20 21 17 15 6 7 8 9 

0 1 2 3 4 5 6 7 8 
0 1 2 3 4 5 6 9 10 
0 1 2 11 12 5 6 9 10 
0 1 2 11 12 5 6 7 8 
0 1 2 3 13 14 6 9 10 
0 1 2 3 13 14 6 7 8 
0 1 2 11 15 16 14 6 7 8 
0 1 2 11 15 16 14 6 9 10 
0 1 2 17 18 19 20 16 14 6 7 8 
0 1 2 17 18 19 20 16 14 6 9 10 

0 1 2 3 4 5 6 7 8 9 10 
0 1 2 3 11 12 6 7 8 9 10 
0 1 2 3 11 13 14 7 8 9 10 
0 1 2 3 11 13 14 7 15 16 10 
0 1 2 3 11 12 6 7 15 16 10 
0 1 2 3 4 5 6 7 15 16 10 
0 1 2 3 4 17 18 14 7 8 9 10 
0 1 2 3 4 17 18 14 7 15 16 10 
0 1 2 3 19 20 21 22 18 14 7 15 16 10 
0 1 2 3 19 20 21 22 18 14 7 8 9 10 

0 1 2 3 4 5 6 7 8 9 
0 1 2 3 4 10 11 7 8 9 
0 1 2 3 12 13 11 7 14 15 
0 1 2 3 4 5 6 7 14 15 
0 1 2 3 4 10 11 7 14 15 
0 1 2 3 12 13 11 7 8 9 
0 1 2 3 12 16 17 6 7 14 15 
0 1 2 3 12 16 17 6 7 8 9 
0 1 2 3 18 19 20 21 17 6 7 14 15 
0 1 2 3 18 19 20 21 17 6 7 8 9 

0 1 2 3 4 5 6 7 8 
0 1 9 10 4 5 11 12 8 
0 1 2 3 4 5 11 12 8 
0 1 9 13 14 5 11 12 8 
0 1 9 13 14 5 6 7 8 
0 1 9 10 4 5 6 7 8 
0 1 2 15 16 14 5 6 7 8 
0 1 2 15 16 14 5 11 12 8 
0 1 17 18 19 16 14 5 11 12 8 
0 1 17 18 19 16 14 5 6 7 8 

0 1 2 3 4 5 6 7 
0 1 2 8 9 5 6 7 
0 1 2 3 4 5 10 11 
0 1 12 13 4 5 6 7 
0 1 2 8 9 5 10 11 
0 1 12 13 4 5 10 11 
0 1 12 14 15 9 5 10 11 
0 1 12 14 15 9 5 6 7 
0 1 16 17 18 15 9 5 6 7 
0 1 16 17 18 15 9 5 10 11 

0 1 2 3 4 5 6 7 8 9 
0 1 2 10 11 5 6 7 8 9 
0 1 2 3 4 5 6 12 13 9 
0 1 2 10 14 15 6 7 8 9 
0 1 2 10 14 15 6 12 13 9 
0 1 2 10 11 5 6 12 13 9 
0 1 2 3 16 17 15 6 12 13 9 
0 1 2 3 16 17 15 6 7 8 9 
0 1 2 18 19 20 17 15 6 7 8 9 
0 1 2 18 19 20 17 15 6 12 13 9 

0 1 2 3 4 5 6 7 8 
0 1 2 9 10 5 6 7 8 
0 1 2 9 11 12 6 13 14 
0 1 2 3 4 5 6 13 14 
0 1 2 9 10 5 6 13 14 
0 1 2 9 11 12 6 7 8 
0 1 2 3 15 16 12 6 7 8 
0 1 2 3 15 16 12 6 13 14 
0 1 2 17 18 19 16 12 6 13 14 
0 1 2 17 18 19 16 12 6 7 8 

0 1 2 3 4 5 6 7 8 
0 1 9 10 4 5 11 12 8 
0 1 2 3 4 5 11 12 8 
0 1 2 13 14 5 11 12 8 
0 1 9 10 4 5 6 7 8 
0 1 2 13 14 5 6 7 8 
0 1 9 15 16 14 5 11 12 8 
0 1 9 15 16 14 5 6 7 8 
0 1 17 18 19 16 14 5 6 7 8 
0 1 17 18 19 16 14 5 11 12 8 

0 1 2 3 4 5 6 7 
0 1 8 9 10 5 11 12 
0 1 8 13 4 5 6 7 
0 1 8 9 10 5 6 7 
0 1 8 13 4 5 11 12 
0 1 2 3 4 5 11 12 
0 1 2 14 15 10 5 6 7 
0 1 2 14 15 10 5 11 12 
0 1 16 17 18 15 10 5 6 7 
0 1 16 17 18 15 10 5 11 12 

0 1 2 3 4 5 6 7 8 
0 1 2 3 4 5 9 10 8 
0 1 11 12 4 5 9 10 8 
0 1 2 13 14 5 9 10 8 
0 1 11 12 4 5 6 7 8 
0 1 2 13 14 5 6 7 8 
0 1 11 15 16 14 5 9 10 8 
0 1 11 15 16 14 5 6 7 8 
0 1 17 18 19 16 14 5 6 7 8 
0 1 17 18 19 16 14 5 9 10 8 

0 1 2 3 4 5 6 7 
0 1 8 9 4 5 6 7 
0 1 8 10 11 5 6 7 
0 1 8 10 11 5 12 13 
0 1 2 3 4 5 12 13 
0 1 8 9 4 5 12 13 
0 1 2 14 15 11 5 6 7 
0 1 2 14 15 11 5 12 13 
0 1 16 17 18 15 11 5 6 7 
0 1 16 17 18 15 11 5 12 13 

0 1 2 3 4 5 6 7 8 
0 1 9 10 11 5 12 13 8 
0 1 2 14 11 5 6 7 8 
0 1 9 10 11 5 6 7 8 
0 1 2 3 4 5 12 13 8 
0 1 2 14 11 5 12 13 8 
0 1 9 15 16 4 5 6 7 8 
0 1 9 15 16 4 5 12 13 8 
0 1 17 18 19 16 4 5 6 7 8 
0 1 17 18 19 16 4 5 12 13 8 

0 1 2 3 4 5 6 7 
0 1 2 3 4 5 8 9 
0 1 2 10 11 5 6 7 
0 1 12 13 4 5 8 9 
0 1 2 10 11 5 8 9 
0 1 12 13 4 5 6 7 
0 1 12 14 15 11 5 6 7 
0 1 12 14 15 11 5 8 9 
0 1 16 17 18 15 11 5 6 7 
0 1 16 17 18 15 11 5 8 9 

0 1 2 3 4 5 6 7 8 
0 1 9 10 4 5 6 7 8 
0 1 2 11 12 5 13 14 8 
0 1 2 3 4 5 13 14 8 
0 1 2 11 12 5 6 7 8 
0 1 9 10 4 5 13 14 8 
0 1 9 15 16 12 5 6 7 8 
0 1 9 15 16 12 5 13 14 8 
0 1 17 18 19 16 12 5 6 7 8 
0 1 17 18 19 16 12 5 13 14 8 

0 1 2 3 4 5 6 7 
0 1 2 8 9 5 6 7 
0 1 2 8 9 5 10 11 
0 1 12 13 4 5 6 7 
0 1 12 13 4 5 10 11 
0 1 2 3 4 5 10 11 
0 1 12 14 15 9 5 10 11 
0 1 12 14 15 9 5 6 7 
0 1 16 17 18 15 9 5 10 11 
0 1 16 17 18 15 9 5 6 7 

0 1 2 3 4 5 6 7 8 
0 1 9 10 4 5 11 12 8 
0 1 2 13 14 5 6 7 8 
0 1 2 13 14 5 11 12 8 
0 1 9 10 4 5 6 7 8 
0 1 2 3 4 5 11 12 8 
0 1 9 15 16 14 5 11 12 8 
0 1 9 15 16 14 5 6 7 8 
0 1 17 18 19 16 14 5 11 12 8 
0 1 17 18 19 16 14 5 6 7 8 

0 1 2 3 4 5 6 7 
0 1 8 9 4 5 6 7 
0 1 8 10 11 5 6 7 
0 1 8 9 4 5 12 13 
0 1 2 3 4 5 12 13 
0 1 8 10 11 5 12 13 
0 1 2 14 15 11 5 12 13 
0 1 2 14 15 11 5 6 7 
0 1 16 17 18 15 11 5 6 7 
0 1 16 17 18 15 11 5 12 13 

0 1 2 3 4 5 6 7 8 
0 1 9 10 11 5 12 13 8 
0 1 2 14 11 5 6 7 8 
0 1 2 3 4 5 12 13 8 
0 1 9 10 11 5 6 7 8 
0 1 2 14 11 5 12 13 8 
0 1 9 15 16 4 5 12 13 8 
0 1 9 15 16 4 5 6 7 8 
0 1 17 18 19 16 4 5 12 13 8 
0 1 17 18 19 16 4 5 6 7 8 

0 1 2 3 4 5 6 7 
0 1 2 3 4 5 8 9 
0 1 10 11 4 5 8 9 
0 1 2 12 13 5 8 9 
0 1 2 12 13 5 6 7 
0 1 10 11 4 5 6 7 
0 1 10 14 15 13 5 6 7 
0 1 10 14 15 13 5 8 9 
0 1 16 17 18 15 13 5 8 9 
0 1 16 17 18 15 13 5 6 7 

0 1 2 3 4 5 6 7 8 
0 1 2 9 10 5 6 7 8 
0 1 2 9 10 5 11 12 8 
0 1 13 14 4 5 6 7 8 
0 1 2 3 4 5 11 12 8 
0 1 13 14 4 5 11 12 8 
0 1 13 15 16 10 5 6 7 8 
0 1 13 15 16 10 5 11 12 8 
0 1 17 18 19 16 10 5 6 7 8 
0 1 17 18 19 16 10 5 11 12 8 

0 1 2 3 4 5 6 7 
0 1 8 9 4 5 6 7 
0 1 8 9 4 5 10 11 
0 1 8 12 13 5 6 7 
0 1 8 12 13 5 10 11 
0 1 2 3 4 5 10 11 
0 1 2 14 15 13 5 10 11 
0 1 2 14 15 13 5 6 7 
0 1 16 17 18 15 13 5 6 7 
0 1 16 17 18 15 13 5 10 11 

0 1 2 3 4 5 6 7 8 9 10 
0 1 2 3 4 11 12 7 13 14 10 
0 1 2 3 4 11 12 7 8 9 10 
0 1 2 3 15 16 12 7 8 9 10 
0 1 2 3 15 16 12 7 13 14 10 
0 1 2 3 4 5 6 7 13 14 10 
0 1 2 3 15 17 18 6 7 13 14 10 
0 1 2 3 15 17 18 6 7 8 9 10 
0 1 2 3 19 20 21 22 18 6 7 13 14 10 
0 1 2 3 19 20 21 22 18 6 7 8 9 10 

0 1 2 3 4 5 6 7 8 9 
0 1 2 3 4 5 6 7 10 11 
0 1 2 3 4 12 13 7 10 11 
0 1 2 3 14 15 6 7 10 11 
0 1 2 3 14 15 6 7 8 9 
0 1 2 3 4 12 13 7 8 9 
0 1 2 3 14 16 17 13 7 8 9 
0 1 2 3 14 16 17 13 7 10 11 
0 1 2 3 18 19 20 21 17 13 7 8 9 
0 1 2 3 18 19 20 21 17 13 7 10 11 

0 1 2 3 4 5 6 7 8 9 
0 1 2 10 11 5 6 7 8 9 
0 1 2 10 11 5 6 12 13 9 
0 1 2 3 14 15 6 7 8 9 
0 1 2 3 14 15 6 12 13 9 
0 1 2 3 4 5 6 12 13 9 
0 1 2 10 16 17 15 6 7 8 9 
0 1 2 10 16 17 15 6 12 13 9 
0 1 2 18 19 20 21 17 15 6 7 8 9 
0 1 2 18 19 20 21 17 15 6 12 13 9 

0 1 2 3 4 5 6 7 8 
0 1 2 3 9 10 6 7 8 
0 1 2 11 12 5 6 13 14 
0 1 2 3 4 5 6 13 14 
0 1 2 3 9 10 6 13 14 
0 1 2 11 12 5 6 7 8 
0 1 2 11 15 16 10 6 7 8 
0 1 2 11 15 16 10 6 13 14 
0 1 2 17 18 19 20 16 10 6 7 8 
0 1 2 17 18 19 20 16 10 6 13 14 

0 1 2 3 4 5 6 7 8 
0 1 9 10 11 5 6 7 8 
0 1 2 12 11 5 13 14 8 
0 1 2 12 11 5 6 7 8 
0 1 9 10 11 5 13 14 8 
0 1 2 3 4 5 13 14 8 
0 1 9 15 16 4 5 13 14 8 
0 1 9 15 16 4 5 6 7 8 
0 1 17 18 19 16 4 5 6 7 8 
0 1 17 18 19 16 4 5 13 14 8 

0 1 2 3 4 5 6 7 
0 1 2 8 9 5 10 11 
0 1 12 13 4 5 10 11 
0 1 2 8 9 5 6 7 
0 1 2 3 4 5 10 11 
0 1 12 13 4 5 6 7 
0 1 12 14 15 9 5 6 7 
0 1 12 14 15 9 5 10 11 
0 1 16 17 18 15 9 5 10 11 
0 1 16 17 18 15 9 5 6 7 

0 1 2 3 4 5 6 7 8 
0 1 9 10 4 5 11 12 8 
0 1 9 10 4 5 6 7 8 
0 1 2 13 14 5 11 12 8 
0 1 2 13 14 5 6 7 8 
0 1 2 3 4 5 11 12 8 
0 1 9 15 16 14 5 11 12 8 
0 1 9 15 16 14 5 6 7 8 
0 1 17 18 19 16 14 5 6 7 8 
0 1 17 18 19 16 14 5 11 12 8 

0 1 2 3 4 5 6 7 
0 1 8 9 4 5 6 7 
0 1 8 10 11 5 12 13 
0 1 8 9 4 5 12 13 
0 1 8 10 11 5 6 7 
0 1 2 3 4 5 12 13 
0 1 2 14 15 11 5 6 7 
0 1 2 14 15 11 5 12 13 
0 1 16 17 18 15 11 5 6 7 
0 1 16 17 18 15 11 5 12 13 

0 1 2 3 4 5 6 7 8 
0 1 2 9 10 5 11 12 8 
0 1 13 14 10 5 6 7 8 
0 1 13 14 10 5 11 12 8 
0 1 2 3 4 5 11 12 8 
0 1 2 9 10 5 6 7 8 
0 1 13 15 16 4 5 11 12 8 
0 1 13 15 16 4 5 6 7 8 
0 1 17 18 19 16 4 5 6 7 8 
0 1 17 18 19 16 4 5 11 12 8 

0 1 2 3 4 5 6 7 
0 1 8 9 10 5 11 12 
0 1 2 3 4 5 11 12 
0 1 2 13 10 5 6 7 
0 1 8 9 10 5 6 7 
0 1 2 13 10 5 11 12 
0 1 8 14 15 4 5 11 12 
0 1 8 14 15 4 5 6 7 
0 1 16 17 18 15 4 5 6 7 
0 1 16 17 18 15 4 5 11 12 

0 1 2 3 4 5 6 7 8 9 10 
0 1 2 3 11 12 6 7 8 9 10 
0 1 2 3 11 12 6 7 13 14 10 
0 1 2 3 4 5 6 7 13 14 10 
0 1 2 3 4 15 16 7 8 9 10 
0 1 2 3 4 15 16 7 13 14 10 
0 1 2 3 11 17 18 16 7 13 14 10 
0 1 2 3 11 17 18 16 7 8 9 10 
0 1 2 3 19 20 21 22 18 16 7 13 14 10 
0 1 2 3 19 20 21 22 18 16 7 8 9 10 

0 1 2 3 4 5 6 7 8 9 
0 1 2 3 4 5 6 7 10 11 
0 1 2 3 12 13 6 7 8 9 
0 1 2 3 12 14 15 7 10 11 
0 1 2 3 12 13 6 7 10 11 
0 1 2 3 12 14 15 7 8 9 
0 1 2 3 4 16 17 15 7 8 9 
0 1 2 3 4 16 17 15 7 10 11 
0 1 2 3 18 19 20 21 17 15 7 10 11 
0 1 2 3 18 19 20 21 17 15 7 8 9 

0 1 2 3 4 5 6 7 8 9 
0 1 2 10 11 5 6 12 13 9 
0 1 2 3 4 5 6 12 13 9 
0 1 2 10 14 15 6 7 8 9 
0 1 2 10 11 5 6 7 8 9 
0 1 2 10 14 15 6 12 13 9 
0 1 2 3 16 17 15 6 12 13 9 
0 1 2 3 16 17 15 6 7 8 9 
0 1 2 18 19 20 17 15 6 12 13 9 
0 1 2 18 19 20 17 15 6 7 8 9 

0 1 2 3 4 5 6 7 8 
0 1 2 9 10 11 6 12 13 
0 1 2 3 14 11 6 12 13 
0 1 2 3 14 11 6 7 8 
0 1 2 9 10 11 6 7 8 
0 1 2 3 4 5 6 12 13 
0 1 2 9 15 16 5 6 12 13 
0 1 2 9 15 16 5 6 7 8 
0 1 2 17 18 19 16 5 6 12 13 
0 1 2 17 18 19 16 5 6 7 8 

0 1 2 3 4 5 6 7 8 
0 1 2 9 10 5 11 12 8 
0 1 2 3 4 5 11 12 8 
0 1 13 14 10 5 6 7 8 
0 1 2 9 10 5 6 7 8 
0 1 13 14 10 5 11 12 8 
0 1 13 15 16 4 5 6 7 8 
0 1 13 15 16 4 5 11 12 8 
0 1 17 18 19 16 4 5 6 7 8 
0 1 17 18 19 16 4 5 11 12 8 

0 1 2 3 4 5 6 7 
0 1 8 9 4 5 6 7 
0 1 2 3 4 5 10 11 
0 1 8 9 4 5 10 11 
0 1 8 12 13 5 10 11 
0 1 8 12 13 5 6 7 
0 1 2 14 15 13 5 6 7 
0 1 2 14 15 13 5 10 11 
0 1 16 17 18 15 13 5 6 7 
0 1 16 17 18 15 13 5 10 11 

0 1 2 3 4 5 6 7 8 9 
0 1 2 3 10 11 6 12 13 9 
0 1 2 3 4 5 6 12 13 9 
0 1 2 3 10 11 6 7 8 9 
0 1 2 14 15 11 6 12 13 9 
0 1 2 14 15 11 6 7 8 9 
0 1 2 14 16 17 5 6 12 13 9 
0 1 2 14 16 17 5 6 7 8 9 
0 1 2 18 19 20 17 5 6 7 8 9 
0 1 2 18 19 20 17 5 6 12 13 9 

0 1 2 3 4 5 6 7 8 
0 1 2 9 10 11 6 7 8 
0 1 2 3 12 11 6 7 8 
0 1 2 3 4 5 6 13 14 
0 1 2 3 12 11 6 13 14 
0 1 2 9 10 11 6 13 14 
0 1 2 9 15 16 5 6 7 8 
0 1 2 9 15 16 5 6 13 14 
0 1 2 17 18 19 16 5 6 13 14 
0 1 2 17 18 19 16 5 6 7 8 

0 1 2 3 4 5 6 7 8 
0 1 9 10 11 5 12 13 8 
0 1 2 14 11 5 6 7 8 
0 1 2 14 11 5 12 13 8 
0 1 2 3 4 5 12 13 8 
0 1 9 10 11 5 6 7 8 
0 1 9 15 16 4 5 12 13 8 
0 1 9 15 16 4 5 6 7 8 
0 1 17 18 19 16 4 5 6 7 8 
0 1 17 18 19 16 4 5 12 13 8 

0 1 2 3 4 5 6 7 
0 1 8 9 4 5 6 7 
0 1 8 9 4 5 10 11 
0 1 2 3 4 5 10 11 
0 1 8 12 13 5 10 11 
0 1 8 12 13 5 6 7 
0 1 2 14 15 13 5 10 11 
0 1 2 14 15 13 5 6 7 
0 1 16 17 18 15 13 5 10 11 
0 1 16 17 18 15 13 5 6 7 

0 1 2 3 4 5 6 7 8 
0 1 9 10 4 5 6 7 8 
0 1 9 10 4 5 11 12 8 
0 1 9 13 14 5 6 7 8 
0 1 2 3 4 5 11 12 8 
0 1 9 13 14 5 11 12 8 
0 1 2 15 16 14 5 6 7 8 
0 1 2 15 16 14 5 11 12 8 
0 1 17 18 19 16 14 5 6 7 8 
0 1 17 18 19 16 14 5 11 12 8 

0 1 2 3 4 5 6 7 
0 1 2 8 9 5 6 7 
0 1 10 11 9 5 6 7 
0 1 2 3 4 5 12 13 
0 1 2 8 9 5 12 13 
0 1 10 11 9 5 12 13 
0 1 10 14 15 4 5 6 7 
0 1 10 14 15 4 5 12 13 
0 1 16 17 18 15 4 5 12 13 
0 1 16 17 18 15 4 5 6 7 

0 1 2 3 4 5 6 7 
0 1 8 9 4 10 11 7 
0 12 13 3 4 5 6 7 
0 12 13 3 4 10 11 7 
0 1 8 9 4 5 6 7 
0 1 2 3 4 10 11 7 
0 12 14 15 9 4 5 6 7 
0 12 14 15 9 4 10 11 7 
0 16 17 18 15 9 4 5 6 7 
0 16 17 18 15 9 4 10 11 7 

0 1 2 3 4 5 6 
0 7 8 3 4 9 10 
0 7 8 3 4 5 6 
0 7 11 12 4 5 6 
0 1 2 3 4 9 10 
0 7 11 12 4 9 10 
0 1 13 14 12 4 5 6 
0 1 13 14 12 4 9 10 
0 15 16 17 14 12 4 5 6 
0 15 16 17 14 12 4 9 10 

0 1 2 3 4 5 6 7 8 
0 1 9 10 11 5 6 7 8 
0 1 2 3 4 5 12 13 8 
0 1 9 10 11 5 12 13 8 
0 1 9 14 4 5 6 7 8 
0 1 9 14 4 5 12 13 8 
0 1 2 15 16 11 5 12 13 8 
0 1 2 15 16 11 5 6 7 8 
0 1 17 18 19 16 11 5 12 13 8 
0 1 17 18 19 16 11 5 6 7 8 

0 1 2 3 4 5 6 7 
0 1 8 9 4 5 10 11 
0 1 2 3 4 5 10 11 
0 1 8 12 13 5 10 11 
0 1 8 12 13 5 6 7 
0 1 8 9 4 5 6 7 
0 1 2 14 15 13 5 10 11 
0 1 2 14 15 13 5 6 7 
0 1 16 17 18 15 13 5 10 11 
0 1 16 17 18 15 13 5 6 7 

0 1 2 3 4 5 6 7 8 9 10 
0 1 2 3 4 5 6 7 11 12 10 
0 1 2 3 13 14 15 7 8 9 10 
0 1 2 3 13 14 15 7 11 12 10 
0 1 2 3 13 16 6 7 11 12 10 
0 1 2 3 13 16 6 7 8 9 10 
0 1 2 3 4 17 18 15 7 8 9 10 
0 1 2 3 4 17 18 15 7 11 12 10 
0 1 2 3 19 20 21 18 15 7 11 12 10 
0 1 2 3 19 20 21 18 15 7 8 9 10 

0 1 2 3 4 5 6 7 8 9 
0 1 2 3 10 11 6 7 8 9 
0 1 2 3 4 5 6 7 12 13 
0 1 2 3 4 14 15 7 8 9 
0 1 2 3 10 11 6 7 12 13 
0 1 2 3 4 14 15 7 12 13 
0 1 2 3 10 16 17 15 7 8 9 
0 1 2 3 10 16 17 15 7 12 13 
0 1 2 3 18 19 20 17 15 7 8 9 
0 1 2 3 18 19 20 17 15 7 12 13 

0 1 2 3 4 5 6 7 8 9 10 
0 1 2 3 4 11 12 7 13 14 10 
0 1 2 3 15 16 6 7 8 9 10 
0 1 2 3 4 5 6 7 13 14 10 
0 1 2 3 4 11 12 7 8 9 10 
0 1 2 3 15 16 6 7 13 14 10 
0 1 2 3 15 17 18 12 7 8 9 10 
0 1 2 3 15 17 18 12 7 13 14 10 
0 1 2 3 19 20 21 22 18 12 7 8 9 10 
0 1 2 3 19 20 21 22 18 12 7 13 14 10 

0 1 2 3 4 5 6 7 8 9 
0 1 2 3 10 11 6 7 8 9 
0 1 2 3 4 12 13 7 8 9 
0 1 2 3 4 12 13 7 14 15 
0 1 2 3 10 11 6 7 14 15 
0 1 2 3 4 5 6 7 14 15 
0 1 2 3 10 16 17 13 7 8 9 
0 1 2 3 10 16 17 13 7 14 15 
0 1 2 3 18 19 20 21 17 13 7 8 9 
0 1 2 3 18 19 20 21 17 13 7 14 15 

0 1 2 3 4 5 6 7 8 9 10 11 
0 1 2 3 4 5 6 7 8 12 13 11 
0 1 2 3 4 14 15 16 8 12 13 11 
0 1 2 3 4 5 17 16 8 12 13 11 
0 1 2 3 4 5 17 16 8 9 10 11 
0 1 2 3 4 14 15 16 8 9 10 11 
0 1 2 3 4 14 18 19 7 8 12 13 11 
0 1 2 3 4 14 18 19 7 8 9 10 11 
0 1 2 3 4 20 21 22 23 19 7 8 9 10 11 
0 1 2 3 4 20 21 22 23 19 7 8 12 13 11 

0 1 2 3 4 5 6 7 8 9 10 
0 1 2 3 4 5 6 7 8 11 12 
0 1 2 3 4 13 14 7 8 11 12 
0 1 2 3 4 13 14 7 8 9 10 
0 1 2 3 4 5 15 16 8 9 10 
0 1 2 3 4 5 15 16 8 11 12 
0 1 2 3 4 13 17 18 16 8 11 12 
0 1 2 3 4 13 17 18 16 8 9 10 
0 1 2 3 4 19 20 21 22 18 16 8 11 12 
0 1 2 3 4 19 20 21 22 18 16 8 9 10 

0 1 2 3 4 5 6 7 8 9 
0 1 2 3 4 5 6 10 11 9 
0 1 2 12 13 5 6 10 11 9 
0 1 2 12 14 15 6 10 11 9 
0 1 2 12 13 5 6 7 8 9 
0 1 2 12 14 15 6 7 8 9 
0 1 2 3 16 17 15 6 10 11 9 
0 1 2 3 16 17 15 6 7 8 9 
0 1 2 18 19 20 21 17 15 6 10 11 9 
0 1 2 18 19 20 21 17 15 6 7 8 9 

0 1 2 3 4 5 6 7 8 
0 1 2 3 9 10 6 7 8 
0 1 2 3 4 5 6 11 12 
0 1 2 13 14 10 6 7 8 
0 1 2 3 9 10 6 11 12 
0 1 2 13 14 10 6 11 12 
0 1 2 13 15 16 5 6 7 8 
0 1 2 13 15 16 5 6 11 12 
0 1 2 17 18 19 20 16 5 6 7 8 
0 1 2 17 18 19 20 16 5 6 11 12 

0 1 2 3 4 5 6 7 8 9 10 
0 1 2 3 11 12 13 7 8 9 10 
0 1 2 3 11 12 13 7 14 15 10 
0 1 2 3 4 5 6 7 14 15 10 
0 1 2 3 11 16 6 7 8 9 10 
0 1 2 3 11 16 6 7 14 15 10 
0 1 2 3 4 17 18 13 7 14 15 10 
0 1 2 3 4 17 18 13 7 8 9 10 
0 1 2 3 19 20 21 22 18 13 7 14 15 10 
0 1 2 3 19 20 21 22 18 13 7 8 9 10 

0 1 2 3 4 5 6 7 8 9 
0 1 2 3 4 5 6 7 10 11 
0 1 2 3 12 13 6 7 10 11 
0 1 2 3 12 13 6 7 8 9 
0 1 2 3 4 14 15 7 8 9 
0 1 2 3 4 14 15 7 10 11 
0 1 2 3 12 16 17 15 7 10 11 
0 1 2 3 12 16 17 15 7 8 9 
0 1 2 3 18 19 20 21 17 15 7 8 9 
0 1 2 3 18 19 20 21 17 15 7 10 11 

0 1 2 3 4 5 6 7 8 
0 1 9 10 4 5 6 7 8 
0 1 9 11 12 5 6 7 8 
0 1 9 11 12 5 13 14 8 
0 1 2 3 4 5 13 14 8 
0 1 9 10 4 5 13 14 8 
0 1 2 15 16 12 5 6 7 8 
0 1 2 15 16 12 5 13 14 8 
0 1 17 18 19 16 12 5 6 7 8 
0 1 17 18 19 16 12 5 13 14 8 

0 1 2 3 4 5 6 7 
0 1 2 8 9 5 10 11 
0 1 2 8 9 5 6 7 
0 1 12 13 9 5 6 7 
0 1 2 3 4 5 10 11 
0 1 12 13 9 5 10 11 
0 1 12 14 15 4 5 6 7 
0 1 12 14 15 4 5 10 11 
0 1 16 17 18 15 4 5 6 7 
0 1 16 17 18 15 4 5 10 11 

0 1 2 3 4 5 6 7 
0 1 8 9 4 10 11 7 
0 12 13 3 4 10 11 7 
0 12 13 3 4 5 6 7 
0 1 8 9 4 5 6 7 
0 1 2 3 4 10 11 7 
0 12 14 15 9 4 10 11 7 
0 12 14 15 9 4 5 6 7 
0 16 17 18 19 15 9 4 10 11 7 
0 16 17 18 19 15 9 4 5 6 7 

0 1 2 3 4 5 6 
0 1 7 8 4 5 6 
0 9 10 8 4 5 6 
0 1 7 8 4 11 12 
0 1 2 3 4 11 12 
0 9 10 8 4 11 12 
0 9 13 14 3 4 11 12 
0 9 13 14 3 4 5 6 
0 15 16 17 18 14 3 4 5 6 
0 15 16 17 18 14 3 4 11 12 

0 1 2 3 4 5 6 7 8 
0 1 9 10 4 5 6 7 8 
0 1 2 3 4 5 11 12 8 
0 1 9 13 14 5 11 12 8 
0 1 9 10 4 5 11 12 8 
0 1 9 13 14 5 6 7 8 
0 1 2 15 16 14 5 6 7 8 
0 1 2 15 16 14 5 11 12 8 
0 1 17 18 19 16 14 5 6 7 8 
0 1 17 18 19 16 14 5 11 12 8 

0 1 2 3 4 5 6 7 
0 1 8 9 4 5 6 7 
0 1 2 10 11 5 6 7 
0 1 2 3 4 5 12 13 
0 1 8 9 4 5 12 13 
0 1 2 10 11 5 12 13 
0 1 8 14 15 11 5 6 7 
0 1 8 14 15 11 5 12 13 
0 1 16 17 18 15 11 5 6 7 
0 1 16 17 18 15 11 5 12 13 

0 1 2 3 4 5 6 7 8 9 
0 1 2 3 10 11 6 12 13 9 
0 1 2 3 4 5 6 12 13 9 
0 1 2 14 15 11 6 12 13 9 
0 1 2 3 10 11 6 7 8 9 
0 1 2 14 15 11 6 7 8 9 
0 1 2 14 16 17 5 6 12 13 9 
0 1 2 14 16 17 5 6 7 8 9 
0 1 2 18 19 20 21 17 5 6 12 13 9 
0 1 2 18 19 20 21 17 5 6 7 8 9 

0 1 2 3 4 5 6 7 8 
0 1 2 9 10 5 6 11 12 
0 1 2 9 13 14 6 11 12 
0 1 2 9 13 14 6 7 8 
0 1 2 3 4 5 6 11 12 
0 1 2 9 10 5 6 7 8 
0 1 2 3 15 16 14 6 11 12 
0 1 2 3 15 16 14 6 7 8 
0 1 2 17 18 19 20 16 14 6 11 12 
0 1 2 17 18 19 20 16 14 6 7 8 

0 1 2 3 4 5 6 7 
8 1 9 3 4 5 6 7 
0 1 2 3 4 10 11 7 
8 1 9 3 4 10 11 7 
0 1 12 13 4 10 11 7 
0 1 12 13 4 5 6 7 
8 1 14 15 13 4 10 11 7 
8 1 14 15 13 4 5 6 7 
1 16 17 18 15 13 4 10 11 7 
1 16 17 18 15 13 4 5 6 7 

0 1 2 3 4 5 6 
0 1 7 8 4 5 6 
9 1 10 3 4 11 12 
0 1 7 8 4 11 12 
0 1 2 3 4 11 12 
9 1 10 3 4 5 6 
9 1 13 14 8 4 5 6 
9 1 13 14 8 4 11 12 
1 15 16 17 14 8 4 11 12 
1 15 16 17 14 8 4 5 6 

0 1 2 3 4 5 6 7 8 9 
0 1 2 10 11 12 6 13 14 9 
0 1 2 10 11 12 6 7 8 9 
0 1 2 10 15 5 6 13 14 9 
0 1 2 3 4 5 6 13 14 9 
0 1 2 10 15 5 6 7 8 9 
0 1 2 3 16 17 12 6 13 14 9 
0 1 2 3 16 17 12 6 7 8 9 
0 1 2 18 19 20 17 12 6 7 8 9 
0 1 2 18 19 20 17 12 6 13 14 9 

0 1 2 3 4 5 6 7 8 
0 1 2 3 9 10 6 7 8 
0 1 2 11 12 5 6 7 8 
0 1 2 11 12 5 6 13 14 
0 1 2 3 9 10 6 13 14 
0 1 2 3 4 5 6 13 14 
0 1 2 11 15 16 10 6 13 14 
0 1 2 11 15 16 10 6 7 8 
0 1 2 17 18 19 16 10 6 7 8 
0 1 2 17 18 19 16 10 6 13 14 

0 1 2 3 4 5 6 7 8 9 
0 1 2 3 10 11 6 12 13 9 
0 1 2 3 4 5 6 12 13 9 
0 1 2 14 15 5 6 12 13 9 
0 1 2 3 10 11 6 7 8 9 
0 1 2 14 15 5 6 7 8 9 
0 1 2 14 16 17 11 6 12 13 9 
0 1 2 14 16 17 11 6 7 8 9 
0 1 2 18 19 20 21 17 11 6 7 8 9 
0 1 2 18 19 20 21 17 11 6 12 13 9 

0 1 2 3 4 5 6 7 8 
0 1 2 9 10 5 6 11 12 
0 1 2 9 13 14 6 11 12 
0 1 2 3 4 5 6 11 12 
0 1 2 9 13 14 6 7 8 
0 1 2 9 10 5 6 7 8 
0 1 2 3 15 16 14 6 11 12 
0 1 2 3 15 16 14 6 7 8 
0 1 2 17 18 19 20 16 14 6 7 8 
0 1 2 17 18 19 20 16 14 6 11 12 

0 1 2 3 4 5 6 7 8 9 
0 1 2 10 11 12 6 7 8 9 
0 1 2 10 11 12 6 13 14 9 
0 1 2 3 15 12 6 13 14 9 
0 1 2 3 15 12 6 7 8 9 
0 1 2 3 4 5 6 13 14 9 
0 1 2 10 16 17 5 6 7 8 9 
0 1 2 10 16 17 5 6 13 14 9 
0 1 2 18 19 20 21 17 5 6 7 8 9 
0 1 2 18 19 20 21 17 5 6 13 14 9 

0 1 2 3 4 5 6 7 8 
0 1 2 3 9 10 6 11 12 
0 1 2 13 14 5 6 7 8 
0 1 2 3 4 5 6 11 12 
0 1 2 3 9 10 6 7 8 
0 1 2 13 14 5 6 11 12 
0 1 2 13 15 16 10 6 11 12 
0 1 2 13 15 16 10 6 7 8 
0 1 2 17 18 19 20 16 10 6 11 12 
0 1 2 17 18 19 20 16 10 6 7 8 

0 1 2 3 4 5 6 7 8 9 
0 1 2 3 4 5 6 10 11 9 
0 1 2 12 13 14 6 10 11 9 
0 1 2 12 15 5 6 7 8 9 
0 1 2 12 13 14 6 7 8 9 
0 1 2 12 15 5 6 10 11 9 
0 1 2 3 16 17 14 6 10 11 9 
0 1 2 3 16 17 14 6 7 8 9 
0 1 2 18 19 20 21 17 14 6 7 8 9 
0 1 2 18 19 20 21 17 14 6 10 11 9 

0 1 2 3 4 5 6 7 8 
0 1 2 9 10 11 6 7 8 
0 1 2 9 10 11 6 12 13 
0 1 2 9 14 5 6 7 8 
0 1 2 9 14 5 6 12 13 
0 1 2 3 4 5 6 12 13 
0 1 2 3 15 16 11 6 12 13 
0 1 2 3 15 16 11 6 7 8 
0 1 2 17 18 19 20 16 11 6 12 13 
0 1 2 17 18 19 20 16 11 6 7 8 

0 1 2 3 4 5 6 7 8 
0 1 9 10 11 5 12 13 8 
0 1 9 14 4 5 12 13 8 
0 1 9 10 11 5 6 7 8 
0 1 2 3 4 5 12 13 8 
0 1 9 14 4 5 6 7 8 
0 1 2 15 16 11 5 6 7 8 
0 1 2 15 16 11 5 12 13 8 
0 1 17 18 19 16 11 5 12 13 8 
0 1 17 18 19 16 11 5 6 7 8 

0 1 2 3 4 5 6 7 
0 1 2 8 9 5 6 7 
0 1 10 11 9 5 6 7 
0 1 10 11 9 5 12 13 
0 1 2 8 9 5 12 13 
0 1 2 3 4 5 12 13 
0 1 10 14 15 4 5 12 13 
0 1 10 14 15 4 5 6 7 
0 1 16 17 18 15 4 5 6 7 
0 1 16 17 18 15 4 5 12 13 

0 1 2 3 4 5 6 7 8 9 10 
0 1 2 3 11 12 13 7 8 9 10 
0 1 2 3 11 14 6 7 15 16 10 
0 1 2 3 4 5 6 7 15 16 10 
0 1 2 3 11 14 6 7 8 9 10 
0 1 2 3 11 12 13 7 15 16 10 
0 1 2 3 4 17 18 13 7 15 16 10 
0 1 2 3 4 17 18 13 7 8 9 10 
0 1 2 3 19 20 21 18 13 7 15 16 10 
0 1 2 3 19 20 21 18 13 7 8 9 10 

0 1 2 3 4 5 6 7 8 9 
0 1 2 3 10 11 6 7 8 9 
0 1 2 3 10 11 6 7 12 13 
0 1 2 3 10 14 15 7 8 9 
0 1 2 3 10 14 15 7 12 13 
0 1 2 3 4 5 6 7 12 13 
0 1 2 3 4 16 17 15 7 12 13 
0 1 2 3 4 16 17 15 7 8 9 
0 1 2 3 18 19 20 17 15 7 8 9 
0 1 2 3 18 19 20 17 15 7 12 13 

0 1 2 3 4 5 6 7 8 9 
0 1 2 3 4 5 6 10 11 9 
0 1 2 3 12 13 6 7 8 9 
0 1 2 3 12 13 6 10 11 9 
0 1 2 14 15 5 6 10 11 9 
0 1 2 14 15 5 6 7 8 9 
0 1 2 14 16 17 13 6 10 11 9 
0 1 2 14 16 17 13 6 7 8 9 
0 1 2 18 19 20 21 17 13 6 7 8 9 
0 1 2 18 19 20 21 17 13 6 10 11 9 

0 1 2 3 4 5 6 7 8 
0 1 2 3 9 10 6 7 8 
0 1 2 11 12 10 6 13 14 
0 1 2 3 4 5 6 13 14 
0 1 2 11 12 10 6 7 8 
0 1 2 3 9 10 6 13 14 
0 1 2 11 15 16 5 6 13 14 
0 1 2 11 15 16 5 6 7 8 
0 1 2 17 18 19 20 16 5 6 13 14 
0 1 2 17 18 19 20 16 5 6 7 8 

0 1 2 3 4 5 6 7 8 9 
0 1 2 3 10 11 6 7 8 9 
0 1 2 3 10 11 6 12 13 9 
0 1 2 14 15 11 6 12 13 9 
0 1 2 14 15 11 6 7 8 9 
0 1 2 3 4 5 6 12 13 9 
0 1 2 14 16 17 5 6 12 13 9 
0 1 2 14 16 17 5 6 7 8 9 
0 1 2 18 19 20 21 17 5 6 12 13 9 
0 1 2 18 19 20 21 17 5 6 7 8 9 

0 1 2 3 4 5 6 7 8 
0 1 2 9 10 11 6 7 8 
0 1 2 3 12 11 6 13 14 
0 1 2 3 4 5 6 13 14 
0 1 2 3 12 11 6 7 8 
0 1 2 9 10 11 6 13 14 
0 1 2 9 15 16 5 6 13 14 
0 1 2 9 15 16 5 6 7 8 
0 1 2 17 18 19 20 16 5 6 13 14 
0 1 2 17 18 19 20 16 5 6 7 8 

0 1 2 3 4 5 6 7 8 9 10 
0 1 2 3 11 12 13 7 14 15 10 
0 1 2 3 4 5 6 7 14 15 10 
0 1 2 3 11 12 13 7 8 9 10 
0 1 2 3 4 16 13 7 14 15 10 
0 1 2 3 4 16 13 7 8 9 10 
0 1 2 3 11 17 18 6 7 14 15 10 
0 1 2 3 11 17 18 6 7 8 9 10 
0 1 2 3 19 20 21 22 18 6 7 14 15 10 
0 1 2 3 19 20 21 22 18 6 7 8 9 10 

0 1 2 3 4 5 6 7 8 9 
0 1 2 3 10 11 12 7 8 9 
0 1 2 3 4 5 6 7 13 14 
0 1 2 3 4 15 12 7 8 9 
0 1 2 3 10 11 12 7 13 14 
0 1 2 3 4 15 12 7 13 14 
0 1 2 3 10 16 17 6 7 8 9 
0 1 2 3 10 16 17 6 7 13 14 
0 1 2 3 18 19 20 21 17 6 7 13 14 
0 1 2 3 18 19 20 21 17 6 7 8 9 

0 1 2 3 4 5 6 7 
0 1 2 3 4 8 9 7 
0 1 10 11 4 5 6 7 
1 12 13 3 4 8 9 7 
0 1 10 11 4 8 9 7 
1 12 13 3 4 5 6 7 
1 12 14 15 11 4 5 6 7 
1 12 14 15 11 4 8 9 7 
1 16 17 18 15 11 4 8 9 7 
1 16 17 18 15 11 4 5 6 7 

0 1 2 3 4 5 6 
0 1 2 3 4 7 8 
9 0 10 11 4 5 6 
9 0 12 3 4 7 8 
9 0 12 3 4 5 6 
9 0 10 11 4 7 8 
0 1 13 14 11 4 5 6 
0 1 13 14 11 4 7 8 
0 15 16 17 14 11 4 5 6 
0 15 16 17 14 11 4 7 8 

0 1 2 3 4 5 6 7 8 9 
0 1 2 10 11 5 6 7 8 9 
0 1 2 10 12 13 6 7 8 9 
0 1 2 3 4 5 6 14 15 9 
0 1 2 10 12 13 6 14 15 9 
0 1 2 10 11 5 6 14 15 9 
0 1 2 3 16 17 13 6 14 15 9 
0 1 2 3 16 17 13 6 7 8 9 
0 1 2 18 19 20 21 17 13 6 7 8 9 
0 1 2 18 19 20 21 17 13 6 14 15 9 

0 1 2 3 4 5 6 7 8 
0 1 2 9 10 5 6 11 12 
0 1 2 3 4 5 6 11 12 
0 1 2 3 13 14 6 11 12 
0 1 2 9 10 5 6 7 8 
0 1 2 3 13 14 6 7 8 
0 1 2 9 15 16 14 6 7 8 
0 1 2 9 15 16 14 6 11 12 
0 1 2 17 18 19 20 16 14 6 7 8 
0 1 2 17 18 19 20 16 14 6 11 12 

0 1 2 3 4 5 6 7 8 
0 1 2 9 10 5 11 12 8 
0 1 2 9 10 5 6 7 8 
0 1 2 3 4 5 11 12 8 
0 1 13 14 10 5 6 7 8 
0 1 13 14 10 5 11 12 8 
0 1 13 15 16 4 5 11 12 8 
0 1 13 15 16 4 5 6 7 8 
0 1 17 18 19 16 4 5 6 7 8 
0 1 17 18 19 16 4 5 11 12 8 

0 1 2 3 4 5 6 7 
0 1 8 9 10 5 11 12 
0 1 8 13 4 5 11 12 
0 1 2 3 4 5 11 12 
0 1 8 9 10 5 6 7 
0 1 8 13 4 5 6 7 
0 1 2 14 15 10 5 11 12 
0 1 2 14 15 10 5 6 7 
0 1 16 17 18 15 10 5 6 7 
0 1 16 17 18 15 10 5 11 12 

0 1 2 3 4 5 6 7 8 
0 1 9 10 4 5 6 7 8 
0 1 9 11 12 5 6 7 8 
0 1 9 11 12 5 13 14 8 
0 1 9 10 4 5 13 14 8 
0 1 2 3 4 5 13 14 8 
0 1 2 15 16 12 5 6 7 8 
0 1 2 15 16 12 5 13 14 8 
0 1 17 18 19 16 12 5 13 14 8 
0 1 17 18 19 16 12 5 6 7 8 

0 1 2 3 4 5 6 7 
0 1 2 8 9 5 10 11 
0 1 12 13 4 5 10 11 
0 1 2 8 9 5 6 7 
0 1 12 13 4 5 6 7 
0 1 2 3 4 5 10 11 
0 1 12 14 15 9 5 10 11 
0 1 12 14 15 9 5 6 7 
0 1 16 17 18 15 9 5 10 11 
0 1 16 17 18 15 9 5 6 7 

0 1 2 3 4 5 6 7 8 9 10 
0 1 2 3 4 5 6 7 11 12 10 
0 1 2 3 13 14 6 7 8 9 10 
0 1 2 3 4 15 16 7 8 9 10 
0 1 2 3 4 15 16 7 11 12 10 
0 1 2 3 13 14 6 7 11 12 10 
0 1 2 3 13 17 18 16 7 11 12 10 
0 1 2 3 13 17 18 16 7 8 9 10 
0 1 2 3 19 20 21 22 18 16 7 11 12 10 
0 1 2 3 19 20 21 22 18 16 7 8 9 10 

0 1 2 3 4 5 6 7 8 9 
0 1 2 3 4 10 11 7 8 9 
0 1 2 3 12 13 11 7 14 15 
0 1 2 3 4 10 11 7 14 15 
0 1 2 3 4 5 6 7 14 15 
0 1 2 3 12 13 11 7 8 9 
0 1 2 3 12 16 17 6 7 14 15 
0 1 2 3 12 16 17 6 7 8 9 
0 1 2 3 18 19 20 21 17 6 7 14 15 
0 1 2 3 18 19 20 21 17 6 7 8 9 

0 1 2 3 4 5 6 7 8 
0 1 2 9 10 5 6 7 8 
0 1 11 12 10 5 6 7 8 
0 1 2 3 4 5 13 14 8 
0 1 2 9 10 5 13 14 8 
0 1 11 12 10 5 13 14 8 
0 1 11 15 16 4 5 13 14 8 
0 1 11 15 16 4 5 6 7 8 
0 1 17 18 19 16 4 5 13 14 8 
0 1 17 18 19 16 4 5 6 7 8 

0 1 2 3 4 5 6 7 
0 1 2 8 9 5 10 11 
0 1 12 13 4 5 10 11 
0 1 12 13 4 5 6 7 
0 1 2 8 9 5 6 7 
0 1 2 3 4 5 10 11 
0 1 12 14 15 9 5 10 11 
0 1 12 14 15 9 5 6 7 
0 1 16 17 18 15 9 5 6 7 
0 1 16 17 18 15 9 5 10 11 

0 1 2 3 4 5 6 7 
0 8 9 3 4 10 11 7 
0 8 12 13 4 5 6 7 
0 8 9 3 4 5 6 7 
0 8 12 13 4 10 11 7 
0 1 2 3 4 10 11 7 
0 1 14 15 13 4 5 6 7 
0 1 14 15 13 4 10 11 7 
0 16 17 18 15 13 4 5 6 7 
0 16 17 18 15 13 4 10 11 7 

0 1 2 3 4 5 6 
0 7 8 9 4 10 11 
0 1 12 9 4 10 11 
0 1 12 9 4 5 6 
0 1 2 3 4 10 11 
0 7 8 9 4 5 6 
0 7 13 14 3 4 10 11 
0 7 13 14 3 4 5 6 
0 15 16 17 14 3 4 5 6 
0 15 16 17 14 3 4 10 11 

0 1 2 3 4 5 6 7 8 9 
0 1 2 3 4 5 6 10 11 9 
0 1 2 12 13 14 6 10 11 9 
0 1 2 12 13 14 6 7 8 9 
0 1 2 3 15 14 6 10 11 9 
0 1 2 3 15 14 6 7 8 9 
0 1 2 12 16 17 5 6 7 8 9 
0 1 2 12 16 17 5 6 10 11 9 
0 1 2 18 19 20 17 5 6 10 11 9 
0 1 2 18 19 20 17 5 6 7 8 9 

0 1 2 3 4 5 6 7 8 
0 1 2 3 4 5 6 9 10 
0 1 2 11 12 5 6 9 10 
0 1 2 3 13 14 6 9 10 
0 1 2 11 12 5 6 7 8 
0 1 2 3 13 14 6 7 8 
0 1 2 11 15 16 14 6 9 10 
0 1 2 11 15 16 14 6 7 8 
0 1 2 17 18 19 16 14 6 9 10 
0 1 2 17 18 19 16 14 6 7 8 

0 1 2 3 4 5 6 7 8 9 
0 1 2 10 11 5 6 7 8 9 
0 1 2 10 11 5 6 12 13 9 
0 1 2 3 14 15 6 12 13 9 
0 1 2 3 14 15 6 7 8 9 
0 1 2 3 4 5 6 12 13 9 
0 1 2 10 16 17 15 6 7 8 9 
0 1 2 10 16 17 15 6 12 13 9 
0 1 2 18 19 20 21 17 15 6 7 8 9 
0 1 2 18 19 20 21 17 15 6 12 13 9 

0 1 2 3 4 5 6 7 8 
0 1 2 3 4 5 6 9 10 
0 1 2 3 11 12 6 7 8 
0 1 2 13 14 12 6 7 8 
0 1 2 3 11 12 6 9 10 
0 1 2 13 14 12 6 9 10 
0 1 2 13 15 16 5 6 9 10 
0 1 2 13 15 16 5 6 7 8 
0 1 2 17 18 19 20 16 5 6 7 8 
0 1 2 17 18 19 20 16 5 6 9 10 

0 1 2 3 4 5 6 7 8 
0 1 2 3 4 5 9 10 8 
0 1 2 11 12 5 6 7 8 
0 1 13 14 4 5 9 10 8 
0 1 2 11 12 5 9 10 8 
0 1 13 14 4 5 6 7 8 
0 1 13 15 16 12 5 9 10 8 
0 1 13 15 16 12 5 6 7 8 
0 1 17 18 19 16 12 5 9 10 8 
0 1 17 18 19 16 12 5 6 7 8 

0 1 2 3 4 5 6 7 
0 1 8 9 10 5 6 7 
0 1 2 3 4 5 11 12 
0 1 8 9 10 5 11 12 
0 1 8 13 4 5 11 12 
0 1 8 13 4 5 6 7 
0 1 2 14 15 10 5 6 7 
0 1 2 14 15 10 5 11 12 
0 1 16 17 18 15 10 5 6 7 
0 1 16 17 18 15 10 5 11 12 

0 1 2 3 4 5 6 7 8 
0 1 2 3 4 5 9 10 8 
0 1 11 12 4 5 9 10 8 
0 1 2 13 14 5 6 7 8 
0 1 2 13 14 5 9 10 8 
0 1 11 12 4 5 6 7 8 
0 1 11 15 16 14 5 6 7 8 
0 1 11 15 16 14 5 9 10 8 
0 1 17 18 19 16 14 5 9 10 8 
0 1 17 18 19 16 14 5 6 7 8 

0 1 2 3 4 5 6 7 
0 1 8 9 4 5 10 11 
0 1 2 3 4 5 10 11 
0 1 8 12 13 5 6 7 
0 1 8 9 4 5 6 7 
0 1 8 12 13 5 10 11 
0 1 2 14 15 13 5 6 7 
0 1 2 14 15 13 5 10 11 
0 1 16 17 18 15 13 5 6 7 
0 1 16 17 18 15 13 5 10 11 

0 1 2 3 4 5 6 7 8 9 10 
0 1 2 3 4 5 6 7 11 12 10 
0 1 2 3 13 14 6 7 11 12 10 
0 1 2 3 13 15 16 7 8 9 10 
0 1 2 3 13 15 16 7 11 12 10 
0 1 2 3 13 14 6 7 8 9 10 
0 1 2 3 4 17 18 16 7 8 9 10 
0 1 2 3 4 17 18 16 7 11 12 10 
0 1 2 3 19 20 21 22 18 16 7 8 9 10 
0 1 2 3 19 20 21 22 18 16 7 11 12 10 

0 1 2 3 4 5 6 7 8 9 
0 1 2 3 4 10 11 7 12 13 
0 1 2 3 14 15 6 7 12 13 
0 1 2 3 14 15 6 7 8 9 
0 1 2 3 4 10 11 7 8 9 
0 1 2 3 4 5 6 7 12 13 
0 1 2 3 14 16 17 11 7 12 13 
0 1 2 3 14 16 17 11 7 8 9 
0 1 2 3 18 19 20 21 17 11 7 12 13 
0 1 2 3 18 19 20 21 17 11 7 8 9 

0 1 2 3 4 5 6 7 
8 1 9 3 4 5 6 7 
8 1 9 3 4 10 11 7 
0 1 12 13 4 5 6 7 
0 1 12 13 4 10 11 7 
0 1 2 3 4 10 11 7 
8 1 14 15 13 4 10 11 7 
8 1 14 15 13 4 5 6 7 
1 16 17 18 15 13 4 10 11 7 
1 16 17 18 15 13 4 5 6 7 

0 1 2 3 4 5 6 
7 1 8 3 4 9 10 
7 1 11 12 4 9 10 
7 1 8 3 4 5 6 
0 1 2 3 4 9 10 
7 1 11 12 4 5 6 
0 1 13 14 12 4 5 6 
0 1 13 14 12 4 9 10 
1 15 16 17 14 12 4 5 6 
1 15 16 17 14 12 4 9 10 

0 1 2 3 4 5 6 7 8 
0 1 9 10 11 5 6 7 8 
0 1 9 10 11 5 12 13 8 
0 1 9 14 4 5 12 13 8 
0 1 2 3 4 5 12 13 8 
0 1 9 14 4 5 6 7 8 
0 1 2 15 16 11 5 6 7 8 
0 1 2 15 16 11 5 12 13 8 
0 1 17 18 19 16 11 5 12 13 8 
0 1 17 18 19 16 11 5 6 7 8 

0 1 2 3 4 5 6 7 
0 1 2 8 9 5 10 11 
0 1 2 3 4 5 10 11 
0 1 2 8 9 5 6 7 
0 1 12 13 4 5 6 7 
0 1 12 13 4 5 10 11 
0 1 12 14 15 9 5 6 7 
0 1 12 14 15 9 5 10 11 
0 1 16 17 18 15 9 5 6 7 
0 1 16 17 18 15 9 5 10 11 

0 1 2 3 4 5 6 7 8 9 10 11 
0 1 2 3 4 12 13 14 8 9 10 11 
0 1 2 3 4 12 13 14 8 15 16 11 
0 1 2 3 4 12 17 7 8 9 10 11 
0 1 2 3 4 5 6 7 8 15 16 11 
0 1 2 3 4 12 17 7 8 15 16 11 
0 1 2 3 4 5 18 19 14 8 15 16 11 
0 1 2 3 4 5 18 19 14 8 9 10 11 
0 1 2 3 4 20 21 22 23 19 14 8 9 10 11 
0 1 2 3 4 20 21 22 23 19 14 8 15 16 11 

0 1 2 3 4 5 6 7 8 9 10 
0 1 2 3 4 5 11 12 8 9 10 
0 1 2 3 4 5 11 12 8 13 14 
0 1 2 3 4 15 16 12 8 9 10 
0 1 2 3 4 15 16 12 8 13 14 
0 1 2 3 4 5 6 7 8 13 14 
0 1 2 3 4 15 17 18 7 8 9 10 
0 1 2 3 4 15 17 18 7 8 13 14 
0 1 2 3 4 19 20 21 22 18 7 8 9 10 
0 1 2 3 4 19 20 21 22 18 7 8 13 14 

0 1 2 3 4 5 6 7 8 9 
0 1 2 10 11 5 6 12 13 9 
0 1 2 10 14 15 6 7 8 9 
0 1 2 10 14 15 6 12 13 9 
0 1 2 10 11 5 6 7 8 9 
0 1 2 3 4 5 6 12 13 9 
0 1 2 3 16 17 15 6 7 8 9 
0 1 2 3 16 17 15 6 12 13 9 
0 1 2 18 19 20 17 15 6 7 8 9 
0 1 2 18 19 20 17 15 6 12 13 9 

0 1 2 3 4 5 6 7 8 
0 1 2 9 10 5 6 11 12 
0 1 2 9 13 14 6 11 12 
0 1 2 3 4 5 6 11 12 
0 1 2 9 10 5 6 7 8 
0 1 2 9 13 14 6 7 8 
0 1 2 3 15 16 14 6 11 12 
0 1 2 3 15 16 14 6 7 8 
0 1 2 17 18 19 16 14 6 7 8 
0 1 2 17 18 19 16 14 6 11 12 

0 1 2 3 4 5 6 7 8 
0 1 9 10 4 5 11 12 8 
0 1 2 13 14 5 11 12 8 
0 1 9 10 4 5 6 7 8 
0 1 2 3 4 5 11 12 8 
0 1 2 13 14 5 6 7 8 
0 1 9 15 16 14 5 6 7 8 
0 1 9 15 16 14 5 11 12 8 
0 1 17 18 19 16 14 5 6 7 8 
0 1 17 18 19 16 14 5 11 12 8 

0 1 2 3 4 5 6 7 
0 1 8 9 10 5 6 7 
0 1 2 3 4 5 11 12 
0 1 8 13 4 5 11 12 
0 1 8 13 4 5 6 7 
0 1 8 9 10 5 11 12 
0 1 2 14 15 10 5 6 7 
0 1 2 14 15 10 5 11 12 
0 1 16 17 18 15 10 5 6 7 
0 1 16 17 18 15 10 5 11 12 

0 1 2 3 4 5 6 7 8 9 10 
0 1 2 3 11 12 13 7 14 15 10 
0 1 2 3 11 16 6 7 8 9 10 
0 1 2 3 11 16 6 7 14 15 10 
0 1 2 3 11 12 13 7 8 9 10 
0 1 2 3 4 5 6 7 14 15 10 
0 1 2 3 4 17 18 13 7 14 15 10 
0 1 2 3 4 17 18 13 7 8 9 10 
0 1 2 3 19 20 21 22 18 13 7 14 15 10 
0 1 2 3 19 20 21 22 18 13 7 8 9 10 

0 1 2 3 4 5 6 7 8 9 
0 1 2 3 4 10 11 7 8 9 
0 1 2 3 4 5 6 7 12 13 
0 1 2 3 14 15 6 7 12 13 
0 1 2 3 14 15 6 7 8 9 
0 1 2 3 4 10 11 7 12 13 
0 1 2 3 14 16 17 11 7 12 13 
0 1 2 3 14 16 17 11 7 8 9 
0 1 2 3 18 19 20 21 17 11 7 8 9 
0 1 2 3 18 19 20 21 17 11 7 12 13 

0 1 2 3 4 5 6 7 8 
0 1 9 10 11 5 6 7 8 
0 1 2 3 4 5 12 13 8 
0 1 9 14 4 5 6 7 8 
0 1 9 14 4 5 12 13 8 
0 1 9 10 11 5 12 13 8 
0 1 2 15 16 11 5 12 13 8 
0 1 2 15 16 11 5 6 7 8 
0 1 17 18 19 16 11 5 6 7 8 
0 1 17 18 19 16 11 5 12 13 8 

0 1 2 3 4 5 6 7 
0 1 2 8 9 5 10 11 
0 1 2 3 4 5 10 11 
0 1 12 13 9 5 6 7 
0 1 12 13 9 5 10 11 
0 1 2 8 9 5 6 7 
0 1 12 14 15 4 5 10 11 
0 1 12 14 15 4 5 6 7 
0 1 16 17 18 15 4 5 6 7 
0 1 16 17 18 15 4 5 10 11 

0 1 2 3 4 5 6 7 8 
0 1 2 9 10 5 6 7 8 
0 1 2 3 4 5 11 12 8 
0 1 2 9 10 5 11 12 8 
0 1 13 14 10 5 6 7 8 
0 1 13 14 10 5 11 12 8 
0 1 13 15 16 4 5 11 12 8 
0 1 13 15 16 4 5 6 7 8 
0 1 17 18 19 16 4 5 6 7 8 
0 1 17 18 19 16 4 5 11 12 8 

0 1 2 3 4 5 6 7 
0 1 8 9 4 5 10 11 
0 1 2 12 13 5 10 11 
0 1 8 9 4 5 6 7 
0 1 2 3 4 5 10 11 
0 1 2 12 13 5 6 7 
0 1 8 14 15 13 5 6 7 
0 1 8 14 15 13 5 10 11 
0 1 16 17 18 15 13 5 10 11 
0 1 16 17 18 15 13 5 6 7 

0 1 2 3 4 5 6 7 8 
0 1 2 9 10 5 11 12 8 
0 1 2 3 4 5 11 12 8 
0 1 13 14 4 5 11 12 8 
0 1 13 14 4 5 6 7 8 
0 1 2 9 10 5 6 7 8 
0 1 13 15 16 10 5 11 12 8 
0 1 13 15 16 10 5 6 7 8 
0 1 17 18 19 16 10 5 6 7 8 
0 1 17 18 19 16 10 5 11 12 8 

0 1 2 3 4 5 6 7 
0 1 2 8 9 5 6 7 
0 1 10 11 4 5 6 7 
0 1 2 3 4 5 12 13 
0 1 2 8 9 5 12 13 
0 1 10 11 4 5 12 13 
0 1 10 14 15 9 5 12 13 
0 1 10 14 15 9 5 6 7 
0 1 16 17 18 15 9 5 6 7 
0 1 16 17 18 15 9 5 12 13 

0 1 2 3 4 5 6 7 8 9 10 11 
0 1 2 3 4 5 12 13 8 14 15 11 
0 1 2 3 4 16 17 7 8 14 15 11 
0 1 2 3 4 16 17 7 8 9 10 11 
0 1 2 3 4 5 12 13 8 9 10 11 
0 1 2 3 4 5 6 7 8 14 15 11 
0 1 2 3 4 16 18 19 13 8 9 10 11 
0 1 2 3 4 16 18 19 13 8 14 15 11 
0 1 2 3 4 20 21 22 23 19 13 8 14 15 11 
0 1 2 3 4 20 21 22 23 19 13 8 9 10 11 

0 1 2 3 4 5 6 7 8 9 10 
0 1 2 3 4 11 12 7 8 9 10 
0 1 2 3 4 5 13 14 8 9 10 
0 1 2 3 4 5 13 14 8 15 16 
0 1 2 3 4 11 12 7 8 15 16 
0 1 2 3 4 5 6 7 8 15 16 
0 1 2 3 4 11 17 18 14 8 9 10 
0 1 2 3 4 11 17 18 14 8 15 16 
0 1 2 3 4 19 20 21 22 18 14 8 15 16 
0 1 2 3 4 19 20 21 22 18 14 8 9 10 

0 1 2 3 4 5 6 7 8 
0 1 9 10 4 5 6 7 8 
0 1 2 3 4 5 11 12 8 
0 1 9 10 4 5 11 12 8 
0 1 9 13 14 5 6 7 8 
0 1 9 13 14 5 11 12 8 
0 1 2 15 16 14 5 6 7 8 
0 1 2 15 16 14 5 11 12 8 
0 1 17 18 19 16 14 5 6 7 8 
0 1 17 18 19 16 14 5 11 12 8 

0 1 2 3 4 5 6 7 
0 1 2 8 9 5 10 11 
0 1 12 13 4 5 10 11 
0 1 12 13 4 5 6 7 
0 1 2 3 4 5 10 11 
0 1 2 8 9 5 6 7 
0 1 12 14 15 9 5 10 11 
0 1 12 14 15 9 5 6 7 
0 1 16 17 18 15 9 5 6 7 
0 1 16 17 18 15 9 5 10 11 

0 1 2 3 4 5 6 7 8 
0 1 2 9 10 5 11 12 8 
0 1 13 14 10 5 6 7 8 
0 1 2 9 10 5 6 7 8 
0 1 13 14 10 5 11 12 8 
0 1 2 3 4 5 11 12 8 
0 1 13 15 16 4 5 11 12 8 
0 1 13 15 16 4 5 6 7 8 
0 1 17 18 19 16 4 5 6 7 8 
0 1 17 18 19 16 4 5 11 12 8 

0 1 2 3 4 5 6 7 
0 1 8 9 4 5 6 7 
0 1 2 3 4 5 10 11 
0 1 8 9 4 5 10 11 
0 1 2 12 13 5 6 7 
0 1 2 12 13 5 10 11 
0 1 8 14 15 13 5 6 7 
0 1 8 14 15 13 5 10 11 
0 1 16 17 18 15 13 5 6 7 
0 1 16 17 18 15 13 5 10 11 

0 1 2 3 4 5 6 7 
0 8 9 10 4 11 12 7 
0 1 2 3 4 11 12 7 
0 8 13 3 4 5 6 7 
0 8 9 10 4 5 6 7 
0 8 13 3 4 11 12 7 
0 1 14 15 10 4 11 12 7 
0 1 14 15 10 4 5 6 7 
0 16 17 18 19 15 10 4 11 12 7 
0 16 17 18 19 15 10 4 5 6 7 

0 1 2 3 4 5 6 
0 1 7 8 4 9 10 
0 11 12 3 4 5 6 
0 1 2 3 4 9 10 
0 1 7 8 4 5 6 
0 11 12 3 4 9 10 
0 11 13 14 8 4 9 10 
0 11 13 14 8 4 5 6 
0 15 16 17 18 14 8 4 9 10 
0 15 16 17 18 14 8 4 5 6 

0 1 2 3 4 5 6 7 8 9 10 
0 1 2 3 4 5 6 7 11 12 10 
0 1 2 3 13 14 15 7 8 9 10 
0 1 2 3 4 16 15 7 11 12 10 
0 1 2 3 4 16 15 7 8 9 10 
0 1 2 3 13 14 15 7 11 12 10 
0 1 2 3 13 17 18 6 7 11 12 10 
0 1 2 3 13 17 18 6 7 8 9 10 
0 1 2 3 19 20 21 22 18 6 7 11 12 10 
0 1 2 3 19 20 21 22 18 6 7 8 9 10 

0 1 2 3 4 5 6 7 8 9 
0 1 2 3 10 11 6 7 12 13 
0 1 2 3 4 14 15 7 8 9 
0 1 2 3 4 5 6 7 12 13 
0 1 2 3 4 14 15 7 12 13 
0 1 2 3 10 11 6 7 8 9 
0 1 2 3 10 16 17 15 7 12 13 
0 1 2 3 10 16 17 15 7 8 9 
0 1 2 3 18 19 20 21 17 15 7 12 13 
0 1 2 3 18 19 20 21 17 15 7 8 9 

0 1 2 3 4 5 6 7 8 9 10 
0 1 2 3 11 12 13 7 14 15 10 
0 1 2 3 11 16 6 7 8 9 10 
0 1 2 3 11 16 6 7 14 15 10 
0 1 2 3 4 5 6 7 14 15 10 
0 1 2 3 11 12 13 7 8 9 10 
0 1 2 3 4 17 18 13 7 14 15 10 
0 1 2 3 4 17 18 13 7 8 9 10 
0 1 2 3 19 20 21 22 18 13 7 8 9 10 
0 1 2 3 19 20 21 22 18 13 7 14 15 10 

0 1 2 3 4 5 6 7 8 9 
0 1 2 3 10 11 12 7 13 14 
0 1 2 3 4 15 12 7 13 14 
0 1 2 3 4 15 12 7 8 9 
0 1 2 3 10 11 12 7 8 9 
0 1 2 3 4 5 6 7 13 14 
0 1 2 3 10 16 17 6 7 8 9 
0 1 2 3 10 16 17 6 7 13 14 
0 1 2 3 18 19 20 21 17 6 7 8 9 
0 1 2 3 18 19 20 21 17 6 7 13 14 

0 1 2 3 4 5 6 7 8 9 
0 1 2 3 4 5 6 10 11 9 
0 1 2 12 13 14 6 7 8 9 
0 1 2 3 15 14 6 7 8 9 
0 1 2 12 13 14 6 10 11 9 
0 1 2 3 15 14 6 10 11 9 
0 1 2 12 16 17 5 6 10 11 9 
0 1 2 12 16 17 5 6 7 8 9 
0 1 2 18 19 20 21 17 5 6 10 11 9 
0 1 2 18 19 20 21 17 5 6 7 8 9 

0 1 2 3 4 5 6 7 8 
0 1 2 9 10 11 6 7 8 
0 1 2 3 4 5 6 12 13 
0 1 2 3 14 11 6 7 8 
0 1 2 3 14 11 6 12 13 
0 1 2 9 10 11 6 12 13 
0 1 2 9 15 16 5 6 12 13 
0 1 2 9 15 16 5 6 7 8 
0 1 2 17 18 19 20 16 5 6 7 8 
0 1 2 17 18 19 20 16 5 6 12 13 

0 1 2 3 4 5 6 7 8 9 
0 1 2 3 10 11 6 12 13 9 
0 1 2 14 15 11 6 7 8 9 
0 1 2 14 15 11 6 12 13 9 
0 1 2 3 10 11 6 7 8 9 
0 1 2 3 4 5 6 12 13 9 
0 1 2 14 16 17 5 6 12 13 9 
0 1 2 14 16 17 5 6 7 8 9 
0 1 2 18 19 20 17 5 6 12 13 9 
0 1 2 18 19 20 17 5 6 7 8 9 

0 1 2 3 4 5 6 7 8 
0 1 2 9 10 11 6 7 8 
0 1 2 9 12 5 6 7 8 
0 1 2 3 4 5 6 13 14 
0 1 2 9 12 5 6 13 14 
0 1 2 9 10 11 6 13 14 
0 1 2 3 15 16 11 6 13 14 
0 1 2 3 15 16 11 6 7 8 
0 1 2 17 18 19 16 11 6 7 8 
0 1 2 17 18 19 16 11 6 13 14 

0 1 2 3 4 5 6 7 8 9 10 
0 1 2 3 11 12 13 7 8 9 10 
0 1 2 3 4 14 13 7 8 9 10 
0 1 2 3 4 14 13 7 15 16 10 
0 1 2 3 11 12 13 7 15 16 10 
0 1 2 3 4 5 6 7 15 16 10 
0 1 2 3 11 17 18 6 7 8 9 10 
0 1 2 3 11 17 18 6 7 15 16 10 
0 1 2 3 19 20 21 22 18 6 7 8 9 10 
0 1 2 3 19 20 21 22 18 6 7 15 16 10 

0 1 2 3 4 5 6 7 8 9 
0 1 2 3 4 5 6 7 10 11 
0 1 2 3 12 13 6 7 8 9 
0 1 2 3 4 14 15 7 8 9 
0 1 2 3 4 14 15 7 10 11 
0 1 2 3 12 13 6 7 10 11 
0 1 2 3 12 16 17 15 7 8 9 
0 1 2 3 12 16 17 15 7 10 11 
0 1 2 3 18 19 20 21 17 15 7 8 9 
0 1 2 3 18 19 20 21 17 15 7 10 11 

0 1 2 3 4 5 6 7 8 9 
0 1 2 10 11 12 6 13 14 9 
0 1 2 10 11 12 6 7 8 9 
0 1 2 3 4 5 6 13 14 9 
0 1 2 10 15 5 6 7 8 9 
0 1 2 10 15 5 6 13 14 9 
0 1 2 3 16 17 12 6 7 8 9 
0 1 2 3 16 17 12 6 13 14 9 
0 1 2 18 19 20 17 12 6 13 14 9 
0 1 2 18 19 20 17 12 6 7 8 9 

0 1 2 3 4 5 6 7 8 
0 1 2 9 10 5 6 7 8 
0 1 2 3 4 5 6 11 12 
0 1 2 3 13 14 6 7 8 
0 1 2 9 10 5 6 11 12 
0 1 2 3 13 14 6 11 12 
0 1 2 9 15 16 14 6 11 12 
0 1 2 9 15 16 14 6 7 8 
0 1 2 17 18 19 16 14 6 7 8 
0 1 2 17 18 19 16 14 6 11 12 

0 1 2 3 4 5 6 7 
8 1 9 10 4 5 6 7 
8 1 9 10 4 11 12 7 
0 1 2 3 4 11 12 7 
8 1 13 3 4 5 6 7 
8 1 13 3 4 11 12 7 
0 1 14 15 10 4 11 12 7 
0 1 14 15 10 4 5 6 7 
1 16 17 18 15 10 4 11 12 7 
1 16 17 18 15 10 4 5 6 7 

0 1 2 3 4 5 6 
0 1 2 3 4 7 8 
9 1 10 11 4 7 8 
9 1 12 3 4 5 6 
9 1 12 3 4 7 8 
9 1 10 11 4 5 6 
0 1 13 14 11 4 5 6 
0 1 13 14 11 4 7 8 
1 15 16 17 14 11 4 5 6 
1 15 16 17 14 11 4 7 8 

0 1 2 3 4 5 6 7 8 9 10 
0 1 2 3 4 5 6 7 11 12 10 
0 1 2 3 4 13 14 7 11 12 10 
0 1 2 3 15 16 6 7 11 12 10 
0 1 2 3 4 13 14 7 8 9 10 
0 1 2 3 15 16 6 7 8 9 10 
0 1 2 3 15 17 18 14 7 8 9 10 
0 1 2 3 15 17 18 14 7 11 12 10 
0 1 2 3 19 20 21 22 18 14 7 11 12 10 
0 1 2 3 19 20 21 22 18 14 7 8 9 10 

0 1 2 3 4 5 6 7 8 9 
0 1 2 3 4 5 6 7 10 11 
0 1 2 3 12 13 14 7 10 11 
0 1 2 3 12 15 6 7 10 11 
0 1 2 3 12 15 6 7 8 9 
0 1 2 3 12 13 14 7 8 9 
0 1 2 3 4 16 17 14 7 8 9 
0 1 2 3 4 16 17 14 7 10 11 
0 1 2 3 18 19 20 21 17 14 7 8 9 
0 1 2 3 18 19 20 21 17 14 7 10 11 

0 1 2 3 4 5 6 7 8 9 
0 1 2 3 10 11 6 7 8 9 
0 1 2 12 13 5 6 14 15 9 
0 1 2 3 10 11 6 14 15 9 
0 1 2 12 13 5 6 7 8 9 
0 1 2 3 4 5 6 14 15 9 
0 1 2 12 16 17 11 6 14 15 9 
0 1 2 12 16 17 11 6 7 8 9 
0 1 2 18 19 20 17 11 6 7 8 9 
0 1 2 18 19 20 17 11 6 14 15 9 

0 1 2 3 4 5 6 7 8 
0 1 2 9 10 11 6 12 13 
0 1 2 3 4 5 6 12 13 
0 1 2 3 14 11 6 7 8 
0 1 2 9 10 11 6 7 8 
0 1 2 3 14 11 6 12 13 
0 1 2 9 15 16 5 6 7 8 
0 1 2 9 15 16 5 6 12 13 
0 1 2 17 18 19 16 5 6 7 8 
0 1 2 17 18 19 16 5 6 12 13 

0 1 2 3 4 5 6 7 8 9 
0 1 2 10 11 12 6 7 8 9 
0 1 2 3 13 12 6 14 15 9 
0 1 2 3 4 5 6 14 15 9 
0 1 2 10 11 12 6 14 15 9 
0 1 2 3 13 12 6 7 8 9 
0 1 2 10 16 17 5 6 7 8 9 
0 1 2 10 16 17 5 6 14 15 9 
0 1 2 18 19 20 21 17 5 6 7 8 9 
0 1 2 18 19 20 21 17 5 6 14 15 9 

0 1 2 3 4 5 6 7 8 
0 1 2 9 10 11 6 12 13 
0 1 2 9 14 5 6 7 8 
0 1 2 9 14 5 6 12 13 
0 1 2 9 10 11 6 7 8 
0 1 2 3 4 5 6 12 13 
0 1 2 3 15 16 11 6 12 13 
0 1 2 3 15 16 11 6 7 8 
0 1 2 17 18 19 20 16 11 6 7 8 
0 1 2 17 18 19 20 16 11 6 12 13 

0 1 2 3 4 5 6 7 8 
0 1 9 10 11 5 6 7 8 
0 1 2 12 11 5 6 7 8 
0 1 2 3 4 5 13 14 8 
0 1 9 10 11 5 13 14 8 
0 1 2 12 11 5 13 14 8 
0 1 9 15 16 4 5 13 14 8 
0 1 9 15 16 4 5 6 7 8 
0 1 17 18 19 16 4 5 6 7 8 
0 1 17 18 19 16 4 5 13 14 8 

0 1 2 3 4 5 6 7 
0 1 2 8 9 5 6 7 
0 1 2 8 9 5 10 11 
0 1 2 3 4 5 10 11 
0 1 12 13 4 5 6 7 
0 1 12 13 4 5 10 11 
0 1 12 14 15 9 5 6 7 
0 1 12 14 15 9 5 10 11 
0 1 16 17 18 15 9 5 6 7 
0 1 16 17 18 15 9 5 10 11 

0 1 2 3 4 5 6 7 8 
0 1 2 3 4 5 9 10 8 
0 1 11 12 13 5 9 10 8 
0 1 11 12 13 5 6 7 8 
0 1 2 14 13 5 9 10 8 
0 1 2 14 13 5 6 7 8 
0 1 11 15 16 4 5 9 10 8 
0 1 11 15 16 4 5 6 7 8 
0 1 17 18 19 16 4 5 9 10 8 
0 1 17 18 19 16 4 5 6 7 8 

0 1 2 3 4 5 6 7 
0 1 8 9 10 5 6 7 
0 1 8 9 10 5 11 12 
0 1 8 13 4 5 6 7 
0 1 2 3 4 5 11 12 
0 1 8 13 4 5 11 12 
0 1 2 14 15 10 5 6 7 
0 1 2 14 15 10 5 11 12 
0 1 16 17 18 15 10 5 6 7 
0 1 16 17 18 15 10 5 11 12 

0 1 2 3 4 5 6 7 8 9 
0 1 2 3 4 5 6 10 11 9 
0 1 2 12 13 14 6 7 8 9 
0 1 2 12 15 5 6 7 8 9 
0 1 2 12 15 5 6 10 11 9 
0 1 2 12 13 14 6 10 11 9 
0 1 2 3 16 17 14 6 10 11 9 
0 1 2 3 16 17 14 6 7 8 9 
0 1 2 18 19 20 21 17 14 6 10 11 9 
0 1 2 18 19 20 21 17 14 6 7 8 9 

0 1 2 3 4 5 6 7 8 
0 1 2 9 10 11 6 12 13 
0 1 2 9 14 5 6 7 8 
0 1 2 9 10 11 6 7 8 
0 1 2 9 14 5 6 12 13 
0 1 2 3 4 5 6 12 13 
0 1 2 3 15 16 11 6 12 13 
0 1 2 3 15 16 11 6 7 8 
0 1 2 17 18 19 20 16 11 6 7 8 
0 1 2 17 18 19 20 16 11 6 12 13 

0 1 2 3 4 5 6 7 8 
0 1 9 10 4 5 11 12 8 
0 1 2 3 4 5 11 12 8 
0 1 9 10 4 5 6 7 8 
0 1 9 13 14 5 11 12 8 
0 1 9 13 14 5 6 7 8 
0 1 2 15 16 14 5 6 7 8 
0 1 2 15 16 14 5 11 12 8 
0 1 17 18 19 20 16 14 5 11 12 8 
0 1 17 18 19 20 16 14 5 6 7 8 

0 1 2 3 4 5 6 7 
0 1 2 3 4 5 8 9 
0 1 2 10 11 5 8 9 
0 1 2 10 11 5 6 7 
0 1 12 13 11 5 8 9 
0 1 12 13 11 5 6 7 
0 1 12 14 15 4 5 6 7 
0 1 12 14 15 4 5 8 9 
0 1 16 17 18 19 15 4 5 6 7 
0 1 16 17 18 19 15 4 5 8 9 

0 1 2 3 4 5 6 7 8 9 
0 1 2 3 10 11 6 7 8 9 
0 1 2 12 13 11 6 14 15 9 
0 1 2 12 13 11 6 7 8 9 
0 1 2 3 10 11 6 14 15 9 
0 1 2 3 4 5 6 14 15 9 
0 1 2 12 16 17 5 6 14 15 9 
0 1 2 12 16 17 5 6 7 8 9 
0 1 2 18 19 20 17 5 6 7 8 9 
0 1 2 18 19 20 17 5 6 14 15 9 

0 1 2 3 4 5 6 7 8 
0 1 2 9 10 5 6 11 12 
0 1 2 9 10 5 6 7 8 
0 1 2 3 13 14 6 7 8 
0 1 2 3 4 5 6 11 12 
0 1 2 3 13 14 6 11 12 
0 1 2 9 15 16 14 6 7 8 
0 1 2 9 15 16 14 6 11 12 
0 1 2 17 18 19 16 14 6 11 12 
0 1 2 17 18 19 16 14 6 7 8 

0 1 2 3 4 5 6 7 8 
0 1 2 3 4 5 9 10 8 
0 1 11 12 4 5 9 10 8 
0 1 2 13 14 5 6 7 8 
0 1 2 13 14 5 9 10 8 
0 1 11 12 4 5 6 7 8 
0 1 11 15 16 14 5 6 7 8 
0 1 11 15 16 14 5 9 10 8 
0 1 17 18 19 16 14 5 9 10 8 
0 1 17 18 19 16 14 5 6 7 8 

0 1 2 3 4 5 6 7 
0 1 2 3 4 5 8 9 
0 1 2 10 11 5 6 7 
0 1 12 13 4 5 6 7 
0 1 2 10 11 5 8 9 
0 1 12 13 4 5 8 9 
0 1 12 14 15 11 5 8 9 
0 1 12 14 15 11 5 6 7 
0 1 16 17 18 15 11 5 8 9 
0 1 16 17 18 15 11 5 6 7 

0 1 2 3 4 5 6 7 
0 1 8 9 4 5 6 7 
0 1 2 3 4 10 11 7 
0 1 8 9 4 10 11 7 
12 1 13 3 4 10 11 7 
12 1 13 3 4 5 6 7 
12 1 14 15 9 4 10 11 7 
12 1 14 15 9 4 5 6 7 
1 16 17 18 15 9 4 5 6 7 
1 16 17 18 15 9 4 10 11 7 

0 1 2 3 4 5 6 
7 1 8 3 4 5 6 
7 1 8 3 4 9 10 
0 1 2 3 4 9 10 
7 1 11 12 4 5 6 
7 1 11 12 4 9 10 
0 1 13 14 12 4 9 10 
0 1 13 14 12 4 5 6 
1 15 16 17 14 12 4 9 10 
1 15 16 17 14 12 4 5 6 

0 1 2 3 4 5 6 7 
8 0 9 10 4 11 12 7 
0 1 2 3 4 11 12 7 
8 0 13 3 4 5 6 7 
8 0 9 10 4 5 6 7 
8 0 13 3 4 11 12 7 
0 1 14 15 10 4 5 6 7 
0 1 14 15 10 4 11 12 7 
0 16 17 18 15 10 4 11 12 7 
0 16 17 18 15 10 4 5 6 7 

0 1 2 3 4 5 6 
0 1 2 3 4 7 8 
9 0 10 3 4 5 6 
9 0 11 12 4 7 8 
9 0 11 12 4 5 6 
9 0 10 3 4 7 8 
0 1 13 14 12 4 5 6 
0 1 13 14 12 4 7 8 
0 15 16 17 14 12 4 5 6 
0 15 16 17 14 12 4 7 8 

0 1 2 3 4 5 6 7 8 9 10 
0 1 2 3 4 5 6 7 11 12 10 
0 1 2 3 13 14 6 7 8 9 10 
0 1 2 3 13 14 6 7 11 12 10 
0 1 2 3 4 15 16 7 8 9 10 
0 1 2 3 4 15 16 7 11 12 10 
0 1 2 3 13 17 18 16 7 8 9 10 
0 1 2 3 13 17 18 16 7 11 12 10 
0 1 2 3 19 20 21 22 18 16 7 11 12 10 
0 1 2 3 19 20 21 22 18 16 7 8 9 10 

0 1 2 3 4 5 6 7 8 9 
0 1 2 3 4 5 6 7 10 11 
0 1 2 3 12 13 14 7 10 11 
0 1 2 3 4 15 14 7 10 11 
0 1 2 3 4 15 14 7 8 9 
0 1 2 3 12 13 14 7 8 9 
0 1 2 3 12 16 17 6 7 10 11 
0 1 2 3 12 16 17 6 7 8 9 
0 1 2 3 18 19 20 21 17 6 7 10 11 
0 1 2 3 18 19 20 21 17 6 7 8 9 

0 1 2 3 4 5 6 7 8 9 10 
0 1 2 3 4 5 6 7 11 12 10 
0 1 2 3 13 14 15 7 8 9 10 
0 1 2 3 13 14 15 7 11 12 10 
0 1 2 3 13 16 6 7 11 12 10 
0 1 2 3 13 16 6 7 8 9 10 
0 1 2 3 4 17 18 15 7 11 12 10 
0 1 2 3 4 17 18 15 7 8 9 10 
0 1 2 3 19 20 21 22 18 15 7 8 9 10 
0 1 2 3 19 20 21 22 18 15 7 11 12 10 

0 1 2 3 4 5 6 7 8 9 
0 1 2 3 4 5 6 7 10 11 
0 1 2 3 4 12 13 7 10 11 
0 1 2 3 4 12 13 7 8 9 
0 1 2 3 14 15 13 7 10 11 
0 1 2 3 14 15 13 7 8 9 
0 1 2 3 14 16 17 6 7 10 11 
0 1 2 3 14 16 17 6 7 8 9 
0 1 2 3 18 19 20 21 17 6 7 10 11 
0 1 2 3 18 19 20 21 17 6 7 8 9 

0 1 2 3 4 5 6 7 8 9 
0 1 2 10 11 5 6 7 8 9 
0 1 2 3 4 5 6 12 13 9 
0 1 2 3 14 15 6 12 13 9 
0 1 2 10 11 5 6 12 13 9 
0 1 2 3 14 15 6 7 8 9 
0 1 2 10 16 17 15 6 12 13 9 
0 1 2 10 16 17 15 6 7 8 9 
0 1 2 18 19 20 21 17 15 6 7 8 9 
0 1 2 18 19 20 21 17 15 6 12 13 9 

0 1 2 3 4 5 6 7 8 
0 1 2 9 10 11 6 7 8 
0 1 2 3 4 5 6 12 13 
0 1 2 9 10 11 6 12 13 
0 1 2 9 14 5 6 12 13 
0 1 2 9 14 5 6 7 8 
0 1 2 3 15 16 11 6 12 13 
0 1 2 3 15 16 11 6 7 8 
0 1 2 17 18 19 20 16 11 6 7 8 
0 1 2 17 18 19 20 16 11 6 12 13 

0 1 2 3 4 5 6 7 8 9 10 
0 1 2 3 4 5 6 7 11 12 10 
0 1 2 3 4 13 14 7 11 12 10 
0 1 2 3 15 16 14 7 8 9 10 
0 1 2 3 4 13 14 7 8 9 10 
0 1 2 3 15 16 14 7 11 12 10 
0 1 2 3 15 17 18 6 7 11 12 10 
0 1 2 3 15 17 18 6 7 8 9 10 
0 1 2 3 19 20 21 22 18 6 7 11 12 10 
0 1 2 3 19 20 21 22 18 6 7 8 9 10 

0 1 2 3 4 5 6 7 8 9 
0 1 2 3 10 11 12 7 13 14 
0 1 2 3 10 15 6 7 8 9 
0 1 2 3 10 11 12 7 8 9 
0 1 2 3 10 15 6 7 13 14 
0 1 2 3 4 5 6 7 13 14 
0 1 2 3 4 16 17 12 7 13 14 
0 1 2 3 4 16 17 12 7 8 9 
0 1 2 3 18 19 20 21 17 12 7 8 9 
0 1 2 3 18 19 20 21 17 12 7 13 14 

0 1 2 3 4 5 6 7 
0 1 2 3 4 8 9 7 
0 1 10 11 4 8 9 7 
0 1 10 11 4 5 6 7 
12 1 13 11 4 8 9 7 
12 1 13 11 4 5 6 7 
12 1 14 15 3 4 5 6 7 
12 1 14 15 3 4 8 9 7 
1 16 17 18 15 3 4 8 9 7 
1 16 17 18 15 3 4 5 6 7 

0 1 2 3 4 5 6 
7 1 8 9 4 10 11 
0 1 2 3 4 10 11 
0 1 12 9 4 10 11 
7 1 8 9 4 5 6 
0 1 12 9 4 5 6 
7 1 13 14 3 4 5 6 
7 1 13 14 3 4 10 11 
1 15 16 17 14 3 4 5 6 
1 15 16 17 14 3 4 10 11 

0 1 2 3 4 5 6 7 8 
0 1 2 9 10 5 6 7 8 
0 1 11 12 4 5 6 7 8 
0 1 11 12 4 5 13 14 8 
0 1 2 3 4 5 13 14 8 
0 1 2 9 10 5 13 14 8 
0 1 11 15 16 10 5 13 14 8 
0 1 11 15 16 10 5 6 7 8 
0 1 17 18 19 16 10 5 6 7 8 
0 1 17 18 19 16 10 5 13 14 8 

0 1 2 3 4 5 6 7 
0 1 2 8 9 5 10 11 
0 1 12 13 9 5 10 11 
0 1 12 13 9 5 6 7 
0 1 2 8 9 5 6 7 
0 1 2 3 4 5 10 11 
0 1 12 14 15 4 5 6 7 
0 1 12 14 15 4 5 10 11 
0 1 16 17 18 15 4 5 6 7 
0 1 16 17 18 15 4 5 10 11 

0 1 2 3 4 5 6 7 8 9 10 
0 1 2 3 11 12 13 7 14 15 10 
0 1 2 3 11 16 6 7 14 15 10 
0 1 2 3 11 16 6 7 8 9 10 
0 1 2 3 4 5 6 7 14 15 10 
0 1 2 3 11 12 13 7 8 9 10 
0 1 2 3 4 17 18 13 7 8 9 10 
0 1 2 3 4 17 18 13 7 14 15 10 
0 1 2 3 19 20 21 22 18 13 7 14 15 10 
0 1 2 3 19 20 21 22 18 13 7 8 9 10 

0 1 2 3 4 5 6 7 8 9 
0 1 2 3 4 5 6 7 10 11 
0 1 2 3 12 13 6 7 8 9 
0 1 2 3 4 14 15 7 10 11 
0 1 2 3 4 14 15 7 8 9 
0 1 2 3 12 13 6 7 10 11 
0 1 2 3 12 16 17 15 7 8 9 
0 1 2 3 12 16 17 15 7 10 11 
0 1 2 3 18 19 20 21 17 15 7 8 9 
0 1 2 3 18 19 20 21 17 15 7 10 11 

0 1 2 3 4 5 6 7 8 9 10 
0 1 2 3 4 11 12 7 13 14 10 
0 1 2 3 4 11 12 7 8 9 10 
0 1 2 3 4 5 6 7 13 14 10 
0 1 2 3 15 16 12 7 13 14 10 
0 1 2 3 15 16 12 7 8 9 10 
0 1 2 3 15 17 18 6 7 13 14 10 
0 1 2 3 15 17 18 6 7 8 9 10 
0 1 2 3 19 20 21 22 18 6 7 13 14 10 
0 1 2 3 19 20 21 22 18 6 7 8 9 10 

0 1 2 3 4 5 6 7 8 9 
0 1 2 3 4 10 11 7 8 9 
0 1 2 3 12 13 11 7 14 15 
0 1 2 3 12 13 11 7 8 9 
0 1 2 3 4 10 11 7 14 15 
0 1 2 3 4 5 6 7 14 15 
0 1 2 3 12 16 17 6 7 8 9 
0 1 2 3 12 16 17 6 7 14 15 
0 1 2 3 18 19 20 21 17 6 7 8 9 
0 1 2 3 18 19 20 21 17 6 7 14 15 

0 1 2 3 4 5 6 7 8 
0 1 9 10 4 5 6 7 8 
0 1 2 11 12 5 6 7 8 
0 1 9 10 4 5 13 14 8 
0 1 2 3 4 5 13 14 8 
0 1 2 11 12 5 13 14 8 
0 1 9 15 16 12 5 13 14 8 
0 1 9 15 16 12 5 6 7 8 
0 1 17 18 19 16 12 5 6 7 8 
0 1 17 18 19 16 12 5 13 14 8 

0 1 2 3 4 5 6 7 
0 1 8 9 10 5 11 12 
0 1 8 9 10 5 6 7 
0 1 2 3 4 5 11 12 
0 1 8 13 4 5 11 12 
0 1 8 13 4 5 6 7 
0 1 2 14 15 10 5 6 7 
0 1 2 14 15 10 5 11 12 
0 1 16 17 18 15 10 5 6 7 
0 1 16 17 18 15 10 5 11 12 

0 1 2 3 4 5 6 7 8 9 
0 1 2 10 11 12 6 13 14 9 
0 1 2 10 11 12 6 7 8 9 
0 1 2 3 15 12 6 7 8 9 
0 1 2 3 4 5 6 13 14 9 
0 1 2 3 15 12 6 13 14 9 
0 1 2 10 16 17 5 6 7 8 9 
0 1 2 10 16 17 5 6 13 14 9 
0 1 2 18 19 20 21 17 5 6 13 14 9 
0 1 2 18 19 20 21 17 5 6 7 8 9 

0 1 2 3 4 5 6 7 8 
0 1 2 3 4 5 6 9 10 
0 1 2 11 12 13 6 9 10 
0 1 2 3 14 13 6 9 10 
0 1 2 11 12 13 6 7 8 
0 1 2 3 14 13 6 7 8 
0 1 2 11 15 16 5 6 7 8 
0 1 2 11 15 16 5 6 9 10 
0 1 2 17 18 19 20 16 5 6 9 10 
0 1 2 17 18 19 20 16 5 6 7 8 

0 1 2 3 4 5 6 7 8 9 
0 1 2 3 10 11 6 7 8 9 
0 1 2 12 13 11 6 7 8 9 
0 1 2 3 10 11 6 14 15 9 
0 1 2 3 4 5 6 14 15 9 
0 1 2 12 13 11 6 14 15 9 
0 1 2 12 16 17 5 6 7 8 9 
0 1 2 12 16 17 5 6 14 15 9 
0 1 2 18 19 20 21 17 5 6 7 8 9 
0 1 2 18 19 20 21 17 5 6 14 15 9 

0 1 2 3 4 5 6 7 8 
0 1 2 9 10 5 6 11 12 
0 1 2 9 10 5 6 7 8 
0 1 2 3 4 5 6 11 12 
0 1 2 3 13 14 6 7 8 
0 1 2 3 13 14 6 11 12 
0 1 2 9 15 16 14 6 11 12 
0 1 2 9 15 16 14 6 7 8 
0 1 2 17 18 19 20 16 14 6 11 12 
0 1 2 17 18 19 20 16 14 6 7 8 

0 1 2 3 4 5 6 7 8 9 10 
0 1 2 3 4 11 12 7 13 14 10 
0 1 2 3 4 5 6 7 13 14 10 
0 1 2 3 15 16 6 7 13 14 10 
0 1 2 3 4 11 12 7 8 9 10 
0 1 2 3 15 16 6 7 8 9 10 
0 1 2 3 15 17 18 12 7 8 9 10 
0 1 2 3 15 17 18 12 7 13 14 10 
0 1 2 3 19 20 21 18 12 7 13 14 10 
0 1 2 3 19 20 21 18 12 7 8 9 10 

0 1 2 3 4 5 6 7 8 9 
0 1 2 3 10 11 12 7 8 9 
0 1 2 3 10 13 6 7 14 15 
0 1 2 3 10 13 6 7 8 9 
0 1 2 3 10 11 12 7 14 15 
0 1 2 3 4 5 6 7 14 15 
0 1 2 3 4 16 17 12 7 8 9 
0 1 2 3 4 16 17 12 7 14 15 
0 1 2 3 18 19 20 17 12 7 14 15 
0 1 2 3 18 19 20 17 12 7 8 9 

0 1 2 3 4 5 6 7 8 9 
0 1 2 10 11 5 6 12 13 9 
0 1 2 3 14 15 6 12 13 9 
0 1 2 10 11 5 6 7 8 9 
0 1 2 3 4 5 6 12 13 9 
0 1 2 3 14 15 6 7 8 9 
0 1 2 10 16 17 15 6 7 8 9 
0 1 2 10 16 17 15 6 12 13 9 
0 1 2 18 19 20 17 15 6 12 13 9 
0 1 2 18 19 20 17 15 6 7 8 9 

0 1 2 3 4 5 6 7 8 
0 1 2 9 10 5 6 7 8 
0 1 2 9 11 12 6 13 14 
0 1 2 9 10 5 6 13 14 
0 1 2 3 4 5 6 13 14 
0 1 2 9 11 12 6 7 8 
0 1 2 3 15 16 12 6 13 14 
0 1 2 3 15 16 12 6 7 8 
0 1 2 17 18 19 16 12 6 7 8 
0 1 2 17 18 19 16 12 6 13 14 

0 1 2 3 4 5 6 7 8 9 10 
0 1 2 3 11 12 13 7 14 15 10 
0 1 2 3 4 5 6 7 14 15 10 
0 1 2 3 11 12 13 7 8 9 10 
0 1 2 3 11 16 6 7 8 9 10 
0 1 2 3 11 16 6 7 14 15 10 
0 1 2 3 4 17 18 13 7 8 9 10 
0 1 2 3 4 17 18 13 7 14 15 10 
0 1 2 3 19 20 21 18 13 7 14 15 10 
0 1 2 3 19 20 21 18 13 7 8 9 10 

0 1 2 3 4 5 6 7 8 9 
0 1 2 3 10 11 6 7 8 9 
0 1 2 3 4 5 6 7 12 13 
0 1 2 3 10 14 15 7 12 13 
0 1 2 3 10 11 6 7 12 13 
0 1 2 3 10 14 15 7 8 9 
0 1 2 3 4 16 17 15 7 12 13 
0 1 2 3 4 16 17 15 7 8 9 
0 1 2 3 18 19 20 17 15 7 8 9 
0 1 2 3 18 19 20 17 15 7 12 13 

0 1 2 3 4 5 6 7 8 9 10 
0 1 2 3 11 12 6 7 8 9 10 
0 1 2 3 11 13 14 7 8 9 10 
0 1 2 3 4 5 6 7 15 16 10 
0 1 2 3 11 12 6 7 15 16 10 
0 1 2 3 11 13 14 7 15 16 10 
0 1 2 3 4 17 18 14 7 15 16 10 
0 1 2 3 4 17 18 14 7 8 9 10 
0 1 2 3 19 20 21 18 14 7 8 9 10 
0 1 2 3 19 20 21 18 14 7 15 16 10 

0 1 2 3 4 5 6 7 8 9 
0 1 2 3 10 11 12 7 8 9 
0 1 2 3 4 13 12 7 14 15 
0 1 2 3 4 13 12 7 8 9 
0 1 2 3 4 5 6 7 14 15 
0 1 2 3 10 11 12 7 14 15 
0 1 2 3 10 16 17 6 7 14 15 
0 1 2 3 10 16 17 6 7 8 9 
0 1 2 3 18 19 20 17 6 7 14 15 
0 1 2 3 18 19 20 17 6 7 8 9 

0 1 2 3 4 5 6 7 8 9 10 
0 1 2 3 11 12 13 7 14 15 10 
0 1 2 3 11 12 13 7 8 9 10 
0 1 2 3 4 16 13 7 8 9 10 
0 1 2 3 4 16 13 7 14 15 10 
0 1 2 3 4 5 6 7 14 15 10 
0 1 2 3 11 17 18 6 7 14 15 10 
0 1 2 3 11 17 18 6 7 8 9 10 
0 1 2 3 19 20 21 18 6 7 14 15 10 
0 1 2 3 19 20 21 18 6 7 8 9 10 

0 1 2 3 4 5 6 7 8 9 
0 1 2 3 4 10 11 7 12 13 
0 1 2 3 14 15 6 7 8 9 
0 1 2 3 4 10 11 7 8 9 
0 1 2 3 4 5 6 7 12 13 
0 1 2 3 14 15 6 7 12 13 
0 1 2 3 14 16 17 11 7 12 13 
0 1 2 3 14 16 17 11 7 8 9 
0 1 2 3 18 19 20 17 11 7 12 13 
0 1 2 3 18 19 20 17 11 7 8 9 

0 1 2 3 4 5 6 7 8 
0 1 2 9 10 5 11 12 8 
0 1 2 9 10 5 6 7 8 
0 1 13 14 4 5 11 12 8 
0 1 13 14 4 5 6 7 8 
0 1 2 3 4 5 11 12 8 
0 1 13 15 16 10 5 6 7 8 
0 1 13 15 16 10 5 11 12 8 
0 1 17 18 19 16 10 5 6 7 8 
0 1 17 18 19 16 10 5 11 12 8 

0 1 2 3 4 5 6 7 
0 1 8 9 10 5 6 7 
0 1 2 3 4 5 11 12 
0 1 8 9 10 5 11 12 
0 1 2 13 10 5 11 12 
0 1 2 13 10 5 6 7 
0 1 8 14 15 4 5 11 12 
0 1 8 14 15 4 5 6 7 
0 1 16 17 18 15 4 5 6 7 
0 1 16 17 18 15 4 5 11 12 

0 1 2 3 4 5 6 7 8 
0 1 9 10 4 5 11 12 8 
0 1 9 13 14 5 6 7 8 
0 1 2 3 4 5 11 12 8 
0 1 9 13 14 5 11 12 8 
0 1 9 10 4 5 6 7 8 
0 1 2 15 16 14 5 6 7 8 
0 1 2 15 16 14 5 11 12 8 
0 1 17 18 19 20 16 14 5 11 12 8 
0 1 17 18 19 20 16 14 5 6 7 8 

0 1 2 3 4 5 6 7 
0 1 2 3 4 5 8 9 
0 1 2 10 11 5 8 9 
0 1 12 13 11 5 6 7 
0 1 12 13 11 5 8 9 
0 1 2 10 11 5 6 7 
0 1 12 14 15 4 5 6 7 
0 1 12 14 15 4 5 8 9 
0 1 16 17 18 19 15 4 5 6 7 
0 1 16 17 18 19 15 4 5 8 9 

0 1 2 3 4 5 6 7 8 9 
0 1 2 10 11 5 6 12 13 9 
0 1 2 3 4 5 6 12 13 9 
0 1 2 10 11 5 6 7 8 9 
0 1 2 10 14 15 6 7 8 9 
0 1 2 10 14 15 6 12 13 9 
0 1 2 3 16 17 15 6 12 13 9 
0 1 2 3 16 17 15 6 7 8 9 
0 1 2 18 19 20 17 15 6 12 13 9 
0 1 2 18 19 20 17 15 6 7 8 9 

0 1 2 3 4 5 6 7 8 
0 1 2 9 10 5 6 11 12 
0 1 2 3 13 14 6 11 12 
0 1 2 9 10 5 6 7 8 
0 1 2 3 13 14 6 7 8 
0 1 2 3 4 5 6 11 12 
0 1 2 9 15 16 14 6 7 8 
0 1 2 9 15 16 14 6 11 12 
0 1 2 17 18 19 16 14 6 7 8 
0 1 2 17 18 19 16 14 6 11 12 

0 1 2 3 4 5 6 7 8 
0 1 9 10 4 5 11 12 8 
0 1 2 13 14 5 11 12 8 
0 1 2 3 4 5 11 12 8 
0 1 2 13 14 5 6 7 8 
0 1 9 10 4 5 6 7 8 
0 1 9 15 16 14 5 6 7 8 
0 1 9 15 16 14 5 11 12 8 
0 1 17 18 19 16 14 5 11 12 8 
0 1 17 18 19 16 14 5 6 7 8 

0 1 2 3 4 5 6 7 
0 1 2 8 9 5 10 11 
0 1 2 8 9 5 6 7 
0 1 12 13 4 5 6 7 
0 1 2 3 4 5 10 11 
0 1 12 13 4 5 10 11 
0 1 12 14 15 9 5 10 11 
0 1 12 14 15 9 5 6 7 
0 1 16 17 18 15 9 5 6 7 
0 1 16 17 18 15 9 5 10 11 

0 1 2 3 4 5 6 7 8 9 10 
0 1 2 3 11 12 6 7 13 14 10 
0 1 2 3 11 12 6 7 8 9 10 
0 1 2 3 11 15 16 7 8 9 10 
0 1 2 3 4 5 6 7 13 14 10 
0 1 2 3 11 15 16 7 13 14 10 
0 1 2 3 4 17 18 16 7 8 9 10 
0 1 2 3 4 17 18 16 7 13 14 10 
0 1 2 3 19 20 21 22 18 16 7 13 14 10 
0 1 2 3 19 20 21 22 18 16 7 8 9 10 

0 1 2 3 4 5 6 7 8 9 
0 1 2 3 4 10 11 7 8 9 
0 1 2 3 12 13 11 7 14 15 
0 1 2 3 4 5 6 7 14 15 
0 1 2 3 12 13 11 7 8 9 
0 1 2 3 4 10 11 7 14 15 
0 1 2 3 12 16 17 6 7 8 9 
0 1 2 3 12 16 17 6 7 14 15 
0 1 2 3 18 19 20 21 17 6 7 8 9 
0 1 2 3 18 19 20 21 17 6 7 14 15 

0 1 2 3 4 5 6 7 8 
0 1 2 3 4 5 9 10 8 
0 1 11 12 13 5 9 10 8 
0 1 11 12 13 5 6 7 8 
0 1 2 14 13 5 9 10 8 
0 1 2 14 13 5 6 7 8 
0 1 11 15 16 4 5 9 10 8 
0 1 11 15 16 4 5 6 7 8 
0 1 17 18 19 16 4 5 6 7 8 
0 1 17 18 19 16 4 5 9 10 8 

0 1 2 3 4 5 6 7 
0 1 8 9 10 5 6 7 
0 1 8 9 10 5 11 12 
0 1 8 13 4 5 6 7 
0 1 2 3 4 5 11 12 
0 1 8 13 4 5 11 12 
0 1 2 14 15 10 5 11 12 
0 1 2 14 15 10 5 6 7 
0 1 16 17 18 15 10 5 11 12 
0 1 16 17 18 15 10 5 6 7 

0 1 2 3 4 5 6 7 8 9 
0 1 2 10 11 5 6 7 8 9 
0 1 2 10 12 13 6 7 8 9 
0 1 2 10 11 5 6 14 15 9 
0 1 2 10 12 13 6 14 15 9 
0 1 2 3 4 5 6 14 15 9 
0 1 2 3 16 17 13 6 7 8 9 
0 1 2 3 16 17 13 6 14 15 9 
0 1 2 18 19 20 21 17 13 6 7 8 9 
0 1 2 18 19 20 21 17 13 6 14 15 9 

0 1 2 3 4 5 6 7 8 
0 1 2 9 10 11 6 12 13 
0 1 2 3 4 5 6 12 13 
0 1 2 9 10 11 6 7 8 
0 1 2 9 14 5 6 7 8 
0 1 2 9 14 5 6 12 13 
0 1 2 3 15 16 11 6 12 13 
0 1 2 3 15 16 11 6 7 8 
0 1 2 17 18 19 20 16 11 6 12 13 
0 1 2 17 18 19 20 16 11 6 7 8 

0 1 2 3 4 5 6 7 
1 8 9 3 4 5 6 7 
0 1 10 11 4 12 13 7 
0 1 10 11 4 5 6 7 
1 8 9 3 4 12 13 7 
0 1 2 3 4 12 13 7 
1 8 14 15 11 4 12 13 7 
1 8 14 15 11 4 5 6 7 
1 16 17 18 15 11 4 12 13 7 
1 16 17 18 15 11 4 5 6 7 

0 1 2 3 4 5 6 
0 1 2 3 4 7 8 
0 1 9 10 4 5 6 
1 11 12 3 4 5 6 
0 1 9 10 4 7 8 
1 11 12 3 4 7 8 
1 11 13 14 10 4 5 6 
1 11 13 14 10 4 7 8 
1 15 16 17 14 10 4 5 6 
1 15 16 17 14 10 4 7 8 

0 1 2 3 4 5 6 7 8 9 10 
0 1 2 3 4 11 12 7 13 14 10 
0 1 2 3 4 11 12 7 8 9 10 
0 1 2 3 15 16 12 7 13 14 10 
0 1 2 3 15 16 12 7 8 9 10 
0 1 2 3 4 5 6 7 13 14 10 
0 1 2 3 15 17 18 6 7 8 9 10 
0 1 2 3 15 17 18 6 7 13 14 10 
0 1 2 3 19 20 21 22 18 6 7 8 9 10 
0 1 2 3 19 20 21 22 18 6 7 13 14 10 

0 1 2 3 4 5 6 7 8 9 
0 1 2 3 10 11 12 7 13 14 
0 1 2 3 4 15 12 7 13 14 
0 1 2 3 4 5 6 7 13 14 
0 1 2 3 4 15 12 7 8 9 
0 1 2 3 10 11 12 7 8 9 
0 1 2 3 10 16 17 6 7 8 9 
0 1 2 3 10 16 17 6 7 13 14 
0 1 2 3 18 19 20 21 17 6 7 8 9 
0 1 2 3 18 19 20 21 17 6 7 13 14 

0 1 2 3 4 5 6 7 
8 1 9 3 4 10 11 7 
8 1 9 3 4 5 6 7 
8 1 12 13 4 10 11 7 
0 1 2 3 4 10 11 7 
8 1 12 13 4 5 6 7 
0 1 14 15 13 4 5 6 7 
0 1 14 15 13 4 10 11 7 
1 16 17 18 15 13 4 10 11 7 
1 16 17 18 15 13 4 5 6 7 

0 1 2 3 4 5 6 
7 1 8 3 4 9 10 
7 1 8 3 4 5 6 
0 1 2 3 4 9 10 
0 1 11 12 4 5 6 
0 1 11 12 4 9 10 
7 1 13 14 12 4 9 10 
7 1 13 14 12 4 5 6 
1 15 16 17 14 12 4 5 6 
1 15 16 17 14 12 4 9 10 

0 1 2 3 4 5 6 7 
8 0 9 3 4 10 11 7 
8 0 12 13 4 5 6 7 
0 1 2 3 4 10 11 7 
8 0 12 13 4 10 11 7 
8 0 9 3 4 5 6 7 
0 1 14 15 13 4 5 6 7 
0 1 14 15 13 4 10 11 7 
0 16 17 18 15 13 4 10 11 7 
0 16 17 18 15 13 4 5 6 7 

0 1 2 3 4 5 6 
1 7 8 9 4 5 6 
0 1 10 9 4 11 12 
0 1 2 3 4 11 12 
0 1 10 9 4 5 6 
1 7 8 9 4 11 12 
1 7 13 14 3 4 5 6 
1 7 13 14 3 4 11 12 
1 15 16 17 14 3 4 5 6 
1 15 16 17 14 3 4 11 12 

0 1 2 3 4 5 6 7 8 
0 1 2 9 10 5 6 7 8 
0 1 2 3 4 5 11 12 8 
0 1 13 14 10 5 6 7 8 
0 1 2 9 10 5 11 12 8 
0 1 13 14 10 5 11 12 8 
0 1 13 15 16 4 5 6 7 8 
0 1 13 15 16 4 5 11 12 8 
0 1 17 18 19 16 4 5 6 7 8 
0 1 17 18 19 16 4 5 11 12 8 

0 1 2 3 4 5 6 7 
0 1 8 9 10 5 6 7 
0 1 2 3 4 5 11 12 
0 1 8 13 4 5 6 7 
0 1 8 9 10 5 11 12 
0 1 8 13 4 5 11 12 
0 1 2 14 15 10 5 6 7 
0 1 2 14 15 10 5 11 12 
0 1 16 17 18 15 10 5 11 12 
0 1 16 17 18 15 10 5 6 7 

0 1 2 3 4 5 6 7 8 9 10 11 
0 1 2 3 4 12 13 7 8 14 15 11 
0 1 2 3 4 12 13 7 8 9 10 11 
0 1 2 3 4 5 6 7 8 14 15 11 
0 1 2 3 4 5 16 17 8 9 10 11 
0 1 2 3 4 5 16 17 8 14 15 11 
0 1 2 3 4 12 18 19 17 8 14 15 11 
0 1 2 3 4 12 18 19 17 8 9 10 11 
0 1 2 3 4 20 21 22 23 19 17 8 14 15 11 
0 1 2 3 4 20 21 22 23 19 17 8 9 10 11 

0 1 2 3 4 5 6 7 8 9 10 
0 1 2 3 4 11 12 13 8 9 10 
0 1 2 3 4 11 14 7 8 15 16 
0 1 2 3 4 11 12 13 8 15 16 
0 1 2 3 4 11 14 7 8 9 10 
0 1 2 3 4 5 6 7 8 15 16 
0 1 2 3 4 5 17 18 13 8 9 10 
0 1 2 3 4 5 17 18 13 8 15 16 
0 1 2 3 4 19 20 21 22 18 13 8 9 10 
0 1 2 3 4 19 20 21 22 18 13 8 15 16 

0 1 2 3 4 5 6 7 8 9 10 
0 1 2 3 11 12 6 7 8 9 10 
0 1 2 3 4 5 6 7 13 14 10 
0 1 2 3 11 15 16 7 13 14 10 
0 1 2 3 11 12 6 7 13 14 10 
0 1 2 3 11 15 16 7 8 9 10 
0 1 2 3 4 17 18 16 7 13 14 10 
0 1 2 3 4 17 18 16 7 8 9 10 
0 1 2 3 19 20 21 18 16 7 13 14 10 
0 1 2 3 19 20 21 18 16 7 8 9 10 

0 1 2 3 4 5 6 7 8 9 
0 1 2 3 4 10 11 7 8 9 
0 1 2 3 4 10 11 7 12 13 
0 1 2 3 14 15 6 7 8 9 
0 1 2 3 14 15 6 7 12 13 
0 1 2 3 4 5 6 7 12 13 
0 1 2 3 14 16 17 11 7 8 9 
0 1 2 3 14 16 17 11 7 12 13 
0 1 2 3 18 19 20 17 11 7 12 13 
0 1 2 3 18 19 20 17 11 7 8 9 

0 1 2 3 4 5 6 7 8 
0 1 9 10 4 5 11 12 8 
0 1 2 13 14 5 11 12 8 
0 1 2 13 14 5 6 7 8 
0 1 2 3 4 5 11 12 8 
0 1 9 10 4 5 6 7 8 
0 1 9 15 16 14 5 6 7 8 
0 1 9 15 16 14 5 11 12 8 
0 1 17 18 19 16 14 5 6 7 8 
0 1 17 18 19 16 14 5 11 12 8 

0 1 2 3 4 5 6 7 
0 1 2 3 4 5 8 9 
0 1 10 11 12 5 6 7 
0 1 2 13 12 5 6 7 
0 1 10 11 12 5 8 9 
0 1 2 13 12 5 8 9 
0 1 10 14 15 4 5 8 9 
0 1 10 14 15 4 5 6 7 
0 1 16 17 18 15 4 5 6 7 
0 1 16 17 18 15 4 5 8 9 

0 1 2 3 4 5 6 7 8 
0 1 2 9 10 5 6 7 8 
0 1 2 3 4 5 11 12 8 
0 1 2 9 10 5 11 12 8 
0 1 13 14 10 5 6 7 8 
0 1 13 14 10 5 11 12 8 
0 1 13 15 16 4 5 6 7 8 
0 1 13 15 16 4 5 11 12 8 
0 1 17 18 19 16 4 5 11 12 8 
0 1 17 18 19 16 4 5 6 7 8 

0 1 2 3 4 5 6 7 
0 1 8 9 10 5 11 12 
0 1 2 3 4 5 11 12 
0 1 8 9 10 5 6 7 
0 1 2 13 10 5 6 7 
0 1 2 13 10 5 11 12 
0 1 8 14 15 4 5 11 12 
0 1 8 14 15 4 5 6 7 
0 1 16 17 18 15 4 5 6 7 
0 1 16 17 18 15 4 5 11 12 

0 1 2 3 4 5 6 7 8 
0 1 9 10 4 5 11 12 8 
0 1 9 13 14 5 6 7 8 
0 1 9 10 4 5 6 7 8 
0 1 9 13 14 5 11 12 8 
0 1 2 3 4 5 11 12 8 
0 1 2 15 16 14 5 6 7 8 
0 1 2 15 16 14 5 11 12 8 
0 1 17 18 19 16 14 5 6 7 8 
0 1 17 18 19 16 14 5 11 12 8 

0 1 2 3 4 5 6 7 
0 1 8 9 4 5 10 11 
0 1 2 12 13 5 6 7 
0 1 2 12 13 5 10 11 
0 1 8 9 4 5 6 7 
0 1 2 3 4 5 10 11 
0 1 8 14 15 13 5 6 7 
0 1 8 14 15 13 5 10 11 
0 1 16 17 18 15 13 5 10 11 
0 1 16 17 18 15 13 5 6 7 

0 1 2 3 4 5 6 7 8 9 
0 1 2 10 11 5 6 12 13 9 
0 1 2 10 14 15 6 7 8 9 
0 1 2 10 14 15 6 12 13 9 
0 1 2 10 11 5 6 7 8 9 
0 1 2 3 4 5 6 12 13 9 
0 1 2 3 16 17 15 6 7 8 9 
0 1 2 3 16 17 15 6 12 13 9 
0 1 2 18 19 20 21 17 15 6 7 8 9 
0 1 2 18 19 20 21 17 15 6 12 13 9 

0 1 2 3 4 5 6 7 8 
0 1 2 9 10 11 6 7 8 
0 1 2 3 12 11 6 13 14 
0 1 2 9 10 11 6 13 14 
0 1 2 3 4 5 6 13 14 
0 1 2 3 12 11 6 7 8 
0 1 2 9 15 16 5 6 13 14 
0 1 2 9 15 16 5 6 7 8 
0 1 2 17 18 19 20 16 5 6 13 14 
0 1 2 17 18 19 20 16 5 6 7 8 

0 1 2 3 4 5 6 7 8 
0 1 2 3 4 5 9 10 8 
0 1 11 12 4 5 6 7 8 
0 1 2 13 14 5 9 10 8 
0 1 11 12 4 5 9 10 8 
0 1 2 13 14 5 6 7 8 
0 1 11 15 16 14 5 6 7 8 
0 1 11 15 16 14 5 9 10 8 
0 1 17 18 19 16 14 5 6 7 8 
0 1 17 18 19 16 14 5 9 10 8 

0 1 2 3 4 5 6 7 
0 1 8 9 4 5 6 7 
0 1 8 9 4 5 10 11 
0 1 2 12 13 5 10 11 
0 1 2 12 13 5 6 7 
0 1 2 3 4 5 10 11 
0 1 8 14 15 13 5 6 7 
0 1 8 14 15 13 5 10 11 
0 1 16 17 18 15 13 5 6 7 
0 1 16 17 18 15 13 5 10 11 

0 1 2 3 4 5 6 7 8 
0 1 9 10 11 5 12 13 8 
0 1 9 14 4 5 6 7 8 
0 1 2 3 4 5 12 13 8 
0 1 9 14 4 5 12 13 8 
0 1 9 10 11 5 6 7 8 
0 1 2 15 16 11 5 12 13 8 
0 1 2 15 16 11 5 6 7 8 
0 1 17 18 19 20 16 11 5 6 7 8 
0 1 17 18 19 20 16 11 5 12 13 8 

0 1 2 3 4 5 6 7 
0 1 8 9 10 5 11 12 
0 1 2 3 4 5 11 12 
0 1 2 13 10 5 11 12 
0 1 2 13 10 5 6 7 
0 1 8 9 10 5 6 7 
0 1 8 14 15 4 5 6 7 
0 1 8 14 15 4 5 11 12 
0 1 16 17 18 19 15 4 5 11 12 
0 1 16 17 18 19 15 4 5 6 7 

0 1 2 3 4 5 6 7 8 9 10 
0 1 2 3 4 5 6 7 11 12 10 
0 1 2 3 13 14 6 7 11 12 10 
0 1 2 3 13 15 16 7 8 9 10 
0 1 2 3 13 14 6 7 8 9 10 
0 1 2 3 13 15 16 7 11 12 10 
0 1 2 3 4 17 18 16 7 11 12 10 
0 1 2 3 4 17 18 16 7 8 9 10 
0 1 2 3 19 20 21 22 18 16 7 11 12 10 
0 1 2 3 19 20 21 22 18 16 7 8 9 10 

0 1 2 3 4 5 6 7 8 9 
0 1 2 3 10 11 6 7 8 9 
0 1 2 3 10 11 6 7 12 13 
0 1 2 3 4 5 6 7 12 13 
0 1 2 3 10 14 15 7 8 9 
0 1 2 3 10 14 15 7 12 13 
0 1 2 3 4 16 17 15 7 12 13 
0 1 2 3 4 16 17 15 7 8 9 
0 1 2 3 18 19 20 21 17 15 7 12 13 
0 1 2 3 18 19 20 21 17 15 7 8 9 

